-0.013050930692021
-0.474457115687436
-0.104255667046118
0.251802428959692
0.0899408449776029
-0.418251072470134
0.862863602694762
-0.00576777180167021
0.137348866445731
0.225438613658929
0.279237278757389
-0.141565319921744
0.11400914596128
0.0160181669416604
0.24362782535125
0.0484297527780519
-0.0129718208298387
-0.153117504721736
-0.324992066150837
0.144391853725992
-0.17736571002829
-0.216480879955999
0.0679912980393178
-0.684331985729907
NA
0.23085482602016
-1.31357300393981
1.11222047913678
0.136552027565402
-0.0529179771373176
0.324172382677176
0.0685775569664582
-0.294742997782614
0.0382003684593233
-0.442948608785209
-0.191234219494598
0.203132030215052
0.448310135039402
NA
-0.425733151964671
-0.394370672298285
-0.195152088251575
0.0941173165111877
0.185056219495616
NA
-0.357015303526895
-0.38952411758641
NA
-0.0470741550981355
0.272474203240511
-1.91316275705095
0.255789216657027
-0.0356949127997552
0.208514416264827
-0.0864731066618836
0.596676936671477
-0.00267298408236183
0.422343421163033
-0.238749014773284
0.145397247126251
-0.171954781057197
0.0132896968257761
-0.0211031767441074
-0.296924694596229
-0.409099454135632
-0.157507802481343
-0.326505521592427
0.674090136585211
0.124341177890045
-0.0319540506017049
0.0344762467797493
0.155894564252105
0.275175845152754
0.0251250164516081
-0.41323587810665
-0.798398351093482
-0.617488663418812
-0.0146782591289281
-0.418696297264393
0.309189762757635
0.170772930361999
-0.0763293839263604
0.0328066623519625
-0.0304753749895763
NA
-0.291443453747177
0.886546532204648
-0.321093809793895
NA
-0.197031191310007
NA
-0.629491654700161
-0.407599062334906
0.276839460279833
-0.39944366972361
0.428620650297894
-1.07566965933237
0.388986385422299
NA
-1.07566965933237
-0.445071431679132
1.04117996204169
0.738220193120462
0.196188979742026
0.0234663596941047
0.274177797471094
0.150486526733626
0.482579776684354
-0.600488119456074
-0.607176824836273
-0.603041157511001
-0.622443460043645
0.564429665570153
-0.529222194518439
-0.687227552006132
0.0914667903009105
0.0563836571547398
0.728483105781621
-2.07476693339516
-1.53489491757725
-0.0479042321770642
-0.059296592586076
0.196346011084517
0.266335395636663
0.0470835106418406
-0.95421607425601
NA
NA
0.274362477841095
0.0519970669363996
-0.0969164648921055
0.268299042033505
0.130835558735932
0.072268912750495
-0.255038688221823
0.0861551196566985
-0.129103188561675
NA
0.499640660189387
0.116741621588709
-0.332555392277705
-0.279241793193099
-0.357357221447991
-0.398423338357328
-0.323608804692809
-0.138327189141471
0.184324507274571
0.325476993283928
-0.662439007573163
-1.08282564233758
0.376107913919759
0.110291429485166
-0.311541087359728
-0.049774127935823
0.788573336155537
0.0554021888060801
0.196523338982537
-0.00441619523239645
-0.59241049668858
-0.139936490671965
0.0611009792084225
-0.27628678746283
-0.542399863240131
0.277821863980707
0.345827270224685
-0.108997996728242
-0.0806854211051
-0.206883686725606
0.223082233595992
0.0844519687159062
-0.527024579207866
0.626655087443991
-0.444466324894314
-0.333948480013468
0.255187530659009
-0.205110725939389
0.0983952417137246
-0.0525005226112683
-0.749291588382098
-0.0115325775050703
-0.747583774347031
NA
-0.402532379119655
0.530853376699717
-0.0455367107538134
-2.02222773063571
0.313483971364967
-0.0743122377678951
0.0389225471037893
-0.859581022128395
-0.342776944329934
0.184076166235332
-0.0125751399959881
-0.777428542736756
0.0178304310337758
0.0999343314357342
0.306594018980071
-0.41988521464272
-0.994948867065375
-0.36890783905082
-0.264211789247497
-0.512659722058502
0.264898398909585
0.202313748135026
-0.168264710815251
-0.521518597667937
0.339404243793334
-0.621467264005819
-0.241910208990664
0.111621992377508
0.185886425820479
-0.531352958175942
-0.176826655394077
-0.0414267595660682
0.601782129072241
-0.906267375359633
-0.668437209140271
-0.549259144306472
0.308285435823057
NA
-0.289072714174472
-0.410978607178734
0.262306692939958
1.10838955060517
0.0903506782194796
-1.12636278839975
-0.0290105838478354
-0.582330002120243
0.11403111326976
0.0653505793963269
0.281329806839478
-0.267938707219141
0.811859315435953
-0.823600753836558
-0.823600753836558
0.218080427815277
3.59868716488209
-3.59868716488143
0.437022934113093
-3.59868716488143
-3.59868716488143
-0.492000990860422
0.00563344468255789
-0.150941684653668
-0.0237512210668687
-0.151508370157615
0.286767484860262
-0.145906676473996
0.152656805956005
-0.055374519828284
0.287816707113155
0.297309917927455
-0.125446743299143
-0.00202183751131813
-0.476792741332051
-0.497189337667621
0.511307801696702
0.911122139606945
-0.548436450166397
0.503932911813666
-0.0890878014878425
-0.176214539924712
-0.0120880659874363
-0.291508849483272
-0.101514849144817
-0.0648718158733992
-0.073752285671782
1.76872439191003
0.708972235076248
0.422789814973385
-0.286927433637793
-0.369445050434498
0.369445050434486
1.03231042436728
-1.32356434354429
-0.161895429083553
0.600937988330783
0.062611111440372
0.273619221547122
0.11421152363471
0.219903877618371
0.447508911171624
NA
-0.131919046403056
-0.660555102268859
0.1137893774941
-1.84053571648562
0.0705516799144137
-0.239114248199828
-0.719872742305224
NA
0.155873130278031
0.559948014755327
-0.340005709472992
-0.51762558310879
-0.441269330536421
-0.201080940723085
0.0698384084728758
-0.753495193353307
0.483558982845643
0.744998453200012
0.426515376418253
0.095408514299443
0.337139249522545
-0.125573068886854
-0.782829232865784
-0.321151125735362
-2.82693633436656
0.6083366990919
0.788557279542192
-0.0849548004220271
-0.0132868120691185
0.119143987749406
-0.156418290237717
0.148715125640857
-0.367345711465827
-0.381220145571143
-0.0989911613243972
0.291340982519482
0.277159827661357
-0.312091741539497
0.771583990213827
0.0299587825576566
-0.041365343068593
-0.0375098662100886
-0.359950582507146
-0.275520941803897
0.590919882420701
-0.246694134591033
-0.29316172643953
0.208339488510635
0.460394665598425
0.100233321488263
-0.351336461396008
0.465544595437796
0.360703337872942
0.473707958330143
0.165532263549494
0.449089792243129
-0.371845943473389
-0.0154839347221856
-0.587210412050474
-0.12103292898081
-0.330962384295162
0.662683698794329
0.0874328824821653
-0.627262346181499
-0.0451867548664069
0.64420103772531
-0.168040450303561
0.199847734489677
0.135649503563631
0.0529367634062234
-0.0069061903685288
-0.0324258068480514
