0.363744587015629
0.977952605870563
0.142976245418748
0.914416717071967
0.0697680521255569
0.562629150273757
0.205079711822543
0.579176828664169
0.277533273759959
0.316111023018426
0.198359293419393
0.556343961625514
0.18306050950922
0.0119553854450462
0.593448758070615
0.501011728897149
0.457415062664477
0.255158770029023
0.249463332320199
0.401038248476998
0.248592198231366
0.931857147715746
0.943783722915043
0.851507972052499
1
0.153536226258216
0.466264331825945
0.164463381557481
0.365096820897947
0.11222257669915
0.812883772632155
0.166055994906312
0.908147490677657
0.318608834831522
0.0381176985957555
0.771555498827929
0.887021953831509
0.567961265976038
1
0.51427133682219
0.409982243403107
0.0695221797135038
0.777344633388052
0.100560562407664
1
0.25751101845975
0.385773521741576
1
0.518744478073869
0.819874632030858
0.138502853358086
0.997832287200366
0.0966250071870296
0.356120819155756
0.780227740943388
0.723336513450892
0.497912575108562
0.245496673854407
0.0432240371115868
0.145263437467725
0.790681191274642
0.548845867319498
0.191818938342152
0.220197238870161
0.160783528362236
0.0991026927910389
0.144740329729888
0.130260204029482
0.397638427718908
0.0758565369655154
0.0399723503972976
0.0702202913034813
0.883612348541656
0.341891650454562
0.00393287523151311
0.00506498713771616
0.0166720325059104
0.118957644389266
0.955355879960842
0.167012504934988
0.74253511298503
0.179169554113746
0.703809100383805
0.323824493099048
1
0.844755677614453
0.246685151791022
0.901904515313006
1
0.991300352513795
1
0.00962559143937384
0.611967232785953
0.534438954013351
0.152696849425831
0.0196471913896876
0.89413244297557
0.873791824958489
1
0.89413244297557
0.103340866649278
0.933055006908685
0.081353694240998
0.759739580804978
0.873284810289523
0.965674385680521
0.815726705770769
0.871252122078067
0.478513464966461
0.226029404688976
0.589489888403241
0.356483435926799
0.194483058391736
0.657548955155344
0.187846769221124
0.285036038981105
0.17515191054551
0.217119973430561
0.112408462224231
0.584958828186929
0.559105320072837
0.146767117323301
0.963054742493407
0.429307730414324
0.534475867948841
0.0700246731581439
1
1
0.27737696220388
0.370121161837282
0.00559648218191943
0.402657637167732
0.673860122570885
0.0609193870257129
0.658954278415384
0.103019467506303
0.744754132772378
1
0.179351209305902
0.20448120310056
0.318338589668885
0.53198039805264
0.717834112597778
0.335837031865093
0.484129448697497
0.380639267883079
0.998994830240378
0.574353422417629
0.962303697993143
0.613121602433537
0.341025148063737
0.0307002519949814
0.914374206190642
0.675362529457574
0.0115727707309606
0.574475682717463
0.878761850001782
0.92443643759848
0.0569333549961204
0.18022440132329
0.241243819154593
0.128872379331032
0.574844093816304
0.23063682298209
0.280012130254031
0.400661987057443
0.0703454009953337
0.0223265429074646
0.0525682267744595
0.966780011061114
0.427921920253101
0.476676432191143
0.648678592392488
0.834084650712014
0.407835473983978
0.256028988918591
0.202733323944542
0.00337154966924271
0.662106059625255
0.20008905663769
0.46982082420884
1
0.034714876113072
0.0133141781734846
0.92907787350788
0.554008074685566
0.14637893375155
0.995466698170485
0.860619920801289
0.570048374871382
0.350758949709432
0.408885328966788
0.437966654096309
0.345915113887998
0.550199720104312
0.514878190824
0.544611454716699
0.411904630707172
0.93872695618218
0.189701376553661
0.413582685725775
0.0711434764533648
0.658879267638113
0.10369217477176
0.326208743877521
0.677289710463133
0.379278954898479
0.265015227712841
0.297448948473547
0.345360889145283
0.0073317845226453
0.908561073103736
0.0657314225861501
0.0621683568964047
0.0467389199910643
0.646200214809191
0.0487086536632903
0.02068103508213
0.26714657803625
1
0.513898482879601
0.0541813582714065
0.974913793026816
0.612245127027846
0.13836099632828
0.31032337398609
0.176623560754788
0.840062264066851
0.80408421815738
0.183897146529879
0.632563179523516
0.686694710454811
0.551543496304561
0.650928857133685
0.33677322205537
0.801407844425804
0.670935188761184
0.670935188761268
0.865190633779247
0.670935188761268
0.670935188761268
0.357419241914681
0.411444624459034
0.519175142531154
0.698123289022718
0.615496210453592
0.209857997138281
0.00492636597848648
0.0461983994630234
0.239368110735471
0.00357992605416925
0.244647166608125
0.693255639565621
0.803952597123577
0.722462776522207
0.379781879446018
0.310179011800033
0.323268709150236
0.391502534271613
0.155264473998758
0.971225751902593
0.847071219869433
0.00318468964803453
0.553816799889343
0.122114744689641
0.258927052855691
0.285336369916726
0.424631908912473
0.765867836772846
0.139566253697837
0.217548622642797
0.806435130379949
0.806435130379922
0.220370821759105
0.23406491426063
0.204470357696098
0.094367829823376
0.63717412028787
0.0163975716752311
0.0304927103988582
0.590249949395675
0.150996720652004
1
0.291358901838463
0.446297264818533
0.246349239276011
0.654267175672053
0.396179879843929
0.892774665969515
0.806630973045622
1
0.667794234717163
0.773073221465688
0.152423664509754
0.757193797164833
0.528456874049865
0.671092219100264
0.465521786470719
0.88542415895226
0.977193484004468
0.609903297787022
0.459325856065655
0.703311890442692
0.515339995143724
0.245635097538816
0.555700709169729
0.60127605849163
0.854407558818808
0.479064038961429
0.212738197778057
0.533124204959457
0.797926334117744
0.280891308504878
0.147023387154827
0.0948415554529329
0.306929342491404
0.998295431960214
0.490015721295468
0.932672620827051
0.288761211608931
0.473143724284246
0.961021065909793
0.999606152200755
0.807726212066646
0.898393273912393
0.323086613329686
0.878356875760124
0.87702491778447
0.463359524629107
0.809898804898441
0.35875538421993
0.534035340173062
0.606860034710718
0.330573276770794
0.907832593228485
0.71378315078462
0.554569831107172
0.183737100585449
0.548049713977724
0.336017671803394
0.859694813387917
0.260105408509228
0.836474788440452
0.882128647598315
0.976805021216508
0.638561303581037
0.927473320015925
0.628541784066263
0.572371458939935
0.0139311035980757
0.564114973111376
0.679285487587519
0.928675981352837
0.818299899627244
0.924638327345519
