0.23731884057971
0.072463768115942
0.0760869565217391
0.101449275362319
0.472826086956522
0.402173913043478
0.199275362318841
0.184782608695652
0.215579710144928
0.449275362318841
0.436594202898551
0.16304347826087
0.418478260869565
0.115942028985507
0.202898550724638
0.356884057971015
0.0797101449275362
0.21195652173913
0.177536231884058
0.0652173913043478
0.210144927536232
0.231884057971015
0.280797101449275
0.0489130434782609
0
0.179347826086957
0.0217391304347826
0.0507246376811594
0.27536231884058
0.195652173913043
0.110507246376812
0.364130434782609
0.429347826086957
0.452898550724638
0.177536231884058
0.284420289855072
0.21195652173913
0.0905797101449275
0
0.452898550724638
0.365942028985507
0.121376811594203
0.0652173913043478
0.195652173913043
0
0.11231884057971
0.333333333333333
0
0.364130434782609
0.152173913043478
0.0126811594202899
0.452898550724638
0.168478260869565
0.143115942028986
0.304347826086957
0.0905797101449275
0.0108695652173913
0.456521739130435
0.213768115942029
0.217391304347826
0.266304347826087
0.364130434782609
0.380434782608696
0.280797101449275
0.315217391304348
0.311594202898551
0.320652173913043
0.23731884057971
0.11231884057971
0.108695652173913
0.351449275362319
0.456521739130435
0.416666666666667
0.155797101449275
0.373188405797101
0.193840579710145
0.409420289855072
0.134057971014493
0.318840579710145
0.333333333333333
0.253623188405797
0.188405797101449
0.33695652173913
0.420289855072464
0
0.115942028985507
0.0144927536231884
0.0289855072463768
0
0.364130434782609
0
0.360507246376812
0.409420289855072
0.405797101449275
0.0108695652173914
0.141304347826087
0.0217391304347826
0.00724637681159424
0
0.0217391304347826
0.235507246376812
0.0036231884057971
0.170289855072464
0.0688405797101449
0.447463768115942
0.0507246376811594
0.398550724637681
0.132246376811594
0.307971014492754
0.0615942028985508
0.297101449275362
0.304347826086957
0.271739130434783
0.0144927536231884
0.315217391304348
0.188405797101449
0.0615942028985508
0.0471014492753623
0.0108695652173913
0.0144927536231884
0.27536231884058
0.416666666666667
0.452898550724638
0.380434782608696
0.0108695652173914
0.0181159420289855
0
0
0.166666666666667
0.222826086956522
0.217391304347826
0.177536231884058
0.119565217391304
0.0887681159420289
0.132246376811594
0.222826086956522
0.0652173913043478
0
0.338768115942029
0.460144927536232
0.072463768115942
0.277173913043478
0.190217391304348
0.199275362318841
0.460144927536232
0.222826086956522
0.318840579710145
0.286231884057971
0.0833333333333334
0.0144927536231884
0.351449275362319
0.13768115942029
0.0615942028985507
0.322463768115942
0.143115942028985
0.307971014492754
0.327898550724638
0.409420289855073
0.418478260869565
0.141304347826087
0.195652173913043
0.155797101449275
0.320652173913043
0.0615942028985507
0.0108695652173913
0.0326086956521739
0.365942028985507
0.355072463768116
0.380434782608696
0.0833333333333333
0.177536231884058
0.414855072463768
0.356884057971014
0.0326086956521739
0.356884057971015
0.356884057971014
0.197463768115942
0.0398550724637681
0.0688405797101449
0.442028985507246
0.115942028985507
0
0.215579710144928
0.204710144927536
0.365942028985507
0.0181159420289855
0.422101449275362
0.356884057971014
0.371376811594203
0.355072463768116
0.115942028985507
0.231884057971015
0.0760869565217391
0.460144927536232
0.190217391304348
0.186594202898551
0.335144927536232
0.41304347826087
0.0181159420289855
0.0326086956521739
0.00724637681159424
0.268115942028986
0.346014492753623
0.0326086956521739
0.141304347826087
0.172101449275362
0.476449275362319
0.146739130434783
0.146739130434783
0.0706521739130435
0.313405797101449
0.407608695652174
0.235507246376812
0.233695652173913
0.0978260869565217
0.0072463768115942
0.119565217391304
0.307971014492754
0.340579710144928
0
0.217391304347826
0.355072463768116
0.0362318840579711
0.0434782608695652
0.0362318840579711
0.036231884057971
0.394927536231884
0.157608695652174
0.0579710144927537
0.465579710144927
0.456521739130435
0.467391304347826
0.0398550724637681
0.00362318840579712
0.00362318840579712
0.46195652173913
0.0036231884057971
0.00362318840579712
0.0036231884057971
0.00362318840579712
0.00362318840579712
0.164855072463768
0.382246376811594
0.248188405797101
0.405797101449275
0.0670289855072463
0.0797101449275362
0.282608695652174
0.0869565217391304
0.322463768115942
0.25
0.398550724637681
0.210144927536232
0.157608695652174
0.0760869565217391
0.438405797101449
0.438405797101449
0.164855072463768
0.429347826086957
0.26268115942029
0.278985507246377
0.0561594202898551
0.123188405797101
0.0960144927536232
0.302536231884058
0.277173913043478
0.347826086956522
0.0144927536231884
0.338768115942029
0.00724637681159424
0.40036231884058
0.228260869565217
0.228260869565217
0.16304347826087
0.0253623188405797
0.278985507246377
0.0543478260869565
0.144927536231884
0.231884057971014
0.46195652173913
0.146739130434783
0.0942028985507246
0
0.0887681159420289
0.0108695652173914
0.161231884057971
0.036231884057971
0.355072463768116
0.248188405797101
0.119565217391304
0
0.0108695652173913
0.0615942028985507
0.384057971014493
0.414855072463768
0.197463768115942
0.365942028985507
0.213768115942029
0.177536231884058
0.342391304347826
0.0615942028985508
0.264492753623188
0.380434782608696
0.411231884057971
0.0615942028985507
0.0144927536231884
0.0851449275362319
0.00724637681159424
0.130434782608696
0.0543478260869565
0.456521739130435
0.402173913043478
0.119565217391304
0.253623188405797
0.403985507246377
0.155797101449275
0.26268115942029
0.338768115942029
0.101449275362319
0.306159420289855
0.329710144927536
0.260869565217391
0.204710144927536
0.286231884057971
0.394927536231884
0.291666666666667
0.0833333333333334
0.0253623188405797
0.141304347826087
0.0869565217391304
0.159420289855073
0.16304347826087
0.465579710144927
0.36231884057971
0.166666666666667
0.356884057971014
0.396739130434783
0.0108695652173914
0.197463768115942
0.153985507246377
0.230072463768116
0.0905797101449275
0.0833333333333334
0.164855072463768
0.244565217391304
0.327898550724638
0.300724637681159
0.235507246376812
0.16304347826087
0.215579710144927
0.11231884057971
0.23731884057971
0.425724637681159
0.471014492753623
0.242753623188406
