0.561568722746007
0.547292792298819
0.123123450480058
0.926209444369338
0.92734484366606
0.678162840116092
0.969565724281399
0.288430296624913
0.128004273441976
0.371882651233576
0.745613414521708
0.448080472071692
0.265244686464824
0.389991871794677
0.936820606754183
0.330909960517897
0.363566920121452
0.997369221811362
0.805962742585023
0.551928519523165
0.830892416794819
0.320608073553716
0.711696498420297
0.219486404756276
1
0.384957551483012
0.866488398948205
0.13646365013005
0.386021779876026
0.928350233570954
0.353136785191424
0.665126006277569
0.416982977798283
0.187412179041536
0.756592314211756
0.501492181609242
0.201711419281122
0.83348090253211
1
0.622573353657032
0.85668296039582
0.319654295462794
0.278703993055221
0.0791286604943842
1
0.787219149075294
0.205400754336639
1
0.9773115932586
0.315897826975057
0.216185866850713
0.497265514380973
0.109996779871862
0.201877750905189
0.958492523618494
0.673401826465128
0.708930005857971
0.323872229472905
0.170440498291658
0.534460933178336
0.593943306446421
0.885519114455549
0.845742556971528
0.328004125985747
0.330025841031229
0.24485856314621
0.143703161387234
0.594150423655148
0.640416203606283
0.0504632444411735
0.0868482496511536
0.362658883245783
0.131608275587426
0.870095198527737
0.00327471174204517
0.00513185606187307
0.143612175061016
0.790397604568999
0.76652945664977
0.832753959556909
0.234805946678771
0.707644528261628
0.859845614813149
0.586323143393437
1
0.802602809502103
0.892138900644584
0.762637931204292
1
0.654252806541371
1
0.0222996475805482
0.21245067382095
0.258420491780405
0.542902378706049
0.0129776062488994
0.0792617947800496
0.643135191600055
1
0.0792617947800496
0.154025357325584
0.327961174465763
0.168613285084986
0.95917427042352
0.85185463711061
0.356748677826646
0.660892493053596
0.397720211758922
0.656661173223759
0.0380794157264333
0.287697230541287
0.307232000767279
0.297800456363143
0.993658674831654
0.387441050353127
0.493000654606466
0.985181476597842
0.958594793188124
0.620699150049718
0.957303027045652
0.0596526836660155
0.968518268735473
0.100723847987454
0.189484282742607
0.796401202848507
0.166049614786699
1
1
0.613559067326768
0.824442499177071
0.304092301498313
0.771891468268324
0.378020086862855
0.876946751463853
0.108072583872845
0.77417061155782
0.985122288422169
1
0.274914970254768
0.584754024691264
0.957665008121991
0.64786605340859
0.422457212810655
0.857079015564302
0.513315122846694
0.790189179356645
0.418691724767747
0.295161390804101
0.682798923027945
0.130996623016852
0.35228035033628
0.342279154143142
0.678102267669051
0.709154409366412
0.474667742952318
0.824042416457168
0.128479398668101
0.277000668076012
0.585526917090995
0.448463675514744
0.18089204617799
0.795154407299632
0.225283007453483
0.502454892330938
0.277831649214691
0.256218945933138
0.105690570913615
0.091777222291127
0.000426302853711171
0.675624178413402
0.211348070639858
0.408947246256783
0.874120597571973
0.5855847813656
0.965468914755416
0.854589797830996
0.689067338088698
0.542928665706576
0.898531726823876
0.51714544672394
0.488537971130675
1
0.448149100709374
0.82062066608814
0.00678975178452229
0.0788646459479086
0.00689675464313097
0.00526986042617043
0.0596169184255578
0.182940992127346
0.785240388732445
0.0859280392240156
0.83388542928021
0.00486874325561323
0.100552763530136
0.0840525097616878
0.206101216486316
0.0079819567207004
0.304113498992961
0.250652704807057
0.882191577992543
0.691355235795383
0.67698970956125
0.228394167844277
0.586600527640931
0.623642199898657
0.271543066687748
0.503687178447869
0.00302580137203121
0.729947033900667
0.108300413891653
0.666555752983299
0.170727205978589
0.133556011880929
0.0222627612463362
0.863342339789364
0.0732213641838554
0.652672172349319
0.784579753145148
1
0.816317529444649
0.756206237289681
0.89040856272926
0.828409286333983
0.790014897561617
0.41840293649455
0.522152678635293
0.0700804074713993
0.282648250915021
0.282817621387166
0.00320373698591043
0.0023767988916668
0.00551355012115623
0.954815088239216
0.954815088239216
0.00217584052909921
0.501334558644242
0.501334558643323
0.439721188905266
0.501334558643323
0.501334558643323
0.0244192554870546
0.547365009865323
0.376883641985238
0.579291361106919
0.681833068592853
0.0308956590476783
0.020850400096329
0.0222278029535865
0.807623814924955
0.0720771075733583
0.25550691262678
0.986866566524504
0.860167713593206
0.0680438760421412
0.0757075354235748
0.0473775266621551
0.105498602746759
0.0372022074919923
0.51589968573986
0.559427717122927
0.788849726069494
0.125633792164279
0.565621989086457
0.37252699378491
0.322073259221117
0.7356761268084
0.38075684659285
0.120221389651237
0.441238614628962
0.0018270169223042
0.598699150707274
0.598699150707247
0.000892659726018423
0.117400901055389
0.0136037084836965
0.672988551639167
0.876951800504587
0.771528031480143
0.645394523444813
0.399928549323084
0.910798495068043
1
0.0890915630383175
0.746873456839652
0.699383564874144
0.38663720261262
0.139444397365648
0.644476700355791
0.299716461423989
1
0.0723239138275655
0.198242145421981
0.0314775558399423
0.63418564663331
0.799330702707026
0.903401498532088
0.0238633194299735
0.235748697440227
0.947322747984239
0.799156774952555
0.453971237793532
0.0452111148017166
0.0302576981129474
0.0354107657496553
0.636867377510165
0.805918131111337
0.381997176896386
0.612162554625383
0.012117585416633
0.502524215452488
0.468040523828919
0.0236866595845122
0.00784796550709467
0.0407558938492796
0.963041898523781
0.511638657488099
0.890268469561721
0.460504885531429
0.320423030441573
0.651148722978053
0.820315756174728
0.310959591638372
0.410935379510502
0.887230226562413
0.479166560471113
0.735752119214185
0.949956993461904
0.437954348054809
0.749778829540452
0.722294480984695
0.830026295168123
0.871106348375301
0.21003358448681
0.803788730388038
0.73865778889538
0.652959786785905
0.0389915993313655
0.964277752281474
0.94571691084167
0.686098081843739
0.0869495828844744
0.195907118387812
0.317764666914465
0.810969816887778
0.59525482026683
0.885685557256624
0.689114037736246
0.940434070265879
0.326195097731457
0.127744349867124
0.045697162278752
0.972666528002745
0.255850670992051
0.29894328015133
