0.238351254480287
0.078853046594982
0.0752688172043011
0.100358422939068
0.474910394265233
0.397849462365591
0.200716845878136
0.186379928315412
0.216845878136201
0.448028673835125
0.439068100358423
0.161290322580645
0.421146953405018
0.114695340501792
0.200716845878136
0.363799283154122
0.0788530465949821
0.209677419354839
0.17921146953405
0.0645161290322581
0.211469534050179
0.232974910394265
0.281362007168459
0.0519713261648745
0
0.181003584229391
0.021505376344086
0.0519713261648745
0.272401433691756
0.197132616487455
0.109318996415771
0.363799283154122
0.435483870967742
0.451612903225806
0.17921146953405
0.288530465949821
0.209677419354839
0.0896057347670251
0
0.448028673835125
0.365591397849462
0.120071684587814
0.0645161290322581
0.193548387096774
0
0.111111111111111
0.333333333333333
0
0.363799283154122
0.154121863799283
0.0125448028673835
0.451612903225806
0.166666666666667
0.145161290322581
0.302867383512545
0.0896057347670251
0.010752688172043
0.458781362007168
0.211469534050179
0.21505376344086
0.263440860215054
0.360215053763441
0.376344086021505
0.277777777777778
0.315412186379928
0.311827956989247
0.317204301075269
0.238351254480287
0.111111111111111
0.10752688172043
0.354838709677419
0.455197132616487
0.415770609318996
0.157706093189964
0.376344086021505
0.195340501792115
0.408602150537634
0.132616487455197
0.318996415770609
0.329749103942652
0.254480286738351
0.186379928315412
0.340501792114695
0.422939068100358
0
0.114695340501792
0.014336917562724
0.028673835125448
0
0.363799283154122
0
0.363799283154122
0.405017921146953
0.408602150537634
0.010752688172043
0.14336917562724
0.021505376344086
0.00716845878136196
0
0.021505376344086
0.240143369175627
0.003584229390681
0.172043010752688
0.068100358422939
0.449820788530466
0.0501792114695341
0.397849462365591
0.134408602150538
0.308243727598566
0.0645161290322581
0.297491039426523
0.304659498207885
0.272401433691756
0.014336917562724
0.311827956989247
0.189964157706093
0.0609318996415771
0.046594982078853
0.010752688172043
0.014336917562724
0.272401433691756
0.422939068100358
0.448028673835125
0.383512544802867
0.010752688172043
0.021505376344086
0
0
0.164874551971326
0.220430107526882
0.21505376344086
0.175627240143369
0.121863799283154
0.0878136200716846
0.130824372759857
0.224014336917563
0.0645161290322581
0
0.340501792114695
0.460573476702509
0.0716845878136201
0.281362007168459
0.191756272401434
0.204301075268817
0.462365591397849
0.220430107526882
0.318996415770609
0.283154121863799
0.0824372759856631
0.014336917562724
0.347670250896057
0.136200716845878
0.0609318996415771
0.318996415770609
0.14336917562724
0.306451612903226
0.324372759856631
0.408602150537634
0.417562724014337
0.139784946236559
0.197132616487455
0.154121863799283
0.32258064516129
0.0609318996415771
0.010752688172043
0.032258064516129
0.362007168458781
0.351254480286738
0.387096774193548
0.0824372759856631
0.175627240143369
0.412186379928315
0.360215053763441
0.0340501792114695
0.354838709677419
0.354838709677419
0.195340501792115
0.0394265232974911
0.0681003584229391
0.437275985663082
0.114695340501792
0
0.21505376344086
0.204301075268817
0.362007168458781
0.017921146953405
0.42831541218638
0.353046594982079
0.372759856630824
0.353046594982079
0.114695340501792
0.229390681003584
0.0752688172043011
0.462365591397849
0.188172043010753
0.184587813620072
0.335125448028674
0.415770609318996
0.017921146953405
0.032258064516129
0.00716845878136196
0.265232974910394
0.345878136200717
0.032258064516129
0.14336917562724
0.170250896057348
0.482078853046595
0.145161290322581
0.145161290322581
0.0698924731182796
0.317204301075269
0.403225806451613
0.232974910394265
0.231182795698925
0.0967741935483871
0.00716845878136201
0.118279569892473
0.311827956989247
0.344086021505376
0
0.21505376344086
0.3584229390681
0.03584229390681
0.046594982078853
0.03584229390681
0.039426523297491
0.396057347670251
0.155913978494624
0.0609318996415771
0.467741935483871
0.458781362007168
0.473118279569892
0.0394265232974911
0.00358422939068104
0.00716845878136196
0.467741935483871
0.003584229390681
0.00358422939068104
0.003584229390681
0.00358422939068104
0.00358422939068104
0.163082437275986
0.383512544802867
0.25089605734767
0.405017921146953
0.0663082437275986
0.0860215053763441
0.279569892473118
0.0931899641577061
0.318996415770609
0.247311827956989
0.401433691756272
0.207885304659498
0.159498207885305
0.0752688172043011
0.433691756272401
0.433691756272401
0.164874551971326
0.424731182795699
0.259856630824373
0.283154121863799
0.0591397849462366
0.121863799283154
0.0949820788530465
0.302867383512545
0.277777777777778
0.347670250896057
0.014336917562724
0.342293906810036
0.00716845878136196
0.396057347670251
0.225806451612903
0.225806451612903
0.161290322580645
0.025089605734767
0.275985663082437
0.0537634408602151
0.14336917562724
0.232974910394265
0.460573476702509
0.148745519713262
0.0931899641577061
0
0.0878136200716846
0.010752688172043
0.159498207885305
0.03584229390681
0.351254480286738
0.24910394265233
0.118279569892473
0
0.010752688172043
0.0609318996415771
0.387096774193548
0.413978494623656
0.198924731182796
0.369175627240143
0.211469534050179
0.182795698924731
0.342293906810036
0.0609318996415771
0.261648745519713
0.376344086021505
0.417562724014337
0.0609318996415771
0.014336917562724
0.0860215053763441
0.00716845878136196
0.129032258064516
0.0537634408602151
0.455197132616487
0.401433691756272
0.118279569892473
0.25089605734767
0.403225806451613
0.154121863799283
0.263440860215054
0.338709677419355
0.100358422939068
0.310035842293907
0.326164874551971
0.258064516129032
0.209677419354839
0.283154121863799
0.397849462365591
0.288530465949821
0.0824372759856631
0.025089605734767
0.14336917562724
0.0896057347670251
0.161290322580645
0.161290322580645
0.467741935483871
0.365591397849462
0.164874551971326
0.353046594982079
0.39247311827957
0.010752688172043
0.195340501792115
0.152329749103943
0.227598566308244
0.089605734767025
0.0824372759856631
0.170250896057348
0.241935483870968
0.331541218637993
0.301075268817204
0.240143369175627
0.161290322580645
0.21326164874552
0.114695340501792
0.245519713261649
0.424731182795699
0.473118279569892
0.240143369175627
