0.230923694779116
0.0642570281124498
0.072289156626506
0.104417670682731
0.475903614457831
0.413654618473896
0.196787148594378
0.192771084337349
0.20281124497992
0.453815261044177
0.43574297188755
0.168674698795181
0.41566265060241
0.0963855421686747
0.200803212851406
0.373493975903614
0.0843373493975904
0.218875502008032
0.180722891566265
0.0642570281124498
0.204819277108434
0.228915662650602
0.291164658634538
0.0502008032128514
0
0.166666666666667
0.0240963855421687
0.0562248995983936
0.273092369477912
0.188755020080321
0.122489959839357
0.375502008032129
0.407630522088353
0.453815261044177
0.188755020080321
0.291164658634538
0.20281124497992
0.0803212851405622
0
0.453815261044177
0.385542168674699
0.124497991967871
0.0682730923694779
0.192771084337349
0
0.108433734939759
0.333333333333333
0
0.379518072289157
0.160642570281124
0.0100401606425703
0.433734939759036
0.172690763052209
0.142570281124498
0.307228915662651
0.0923694779116466
0.0120481927710843
0.469879518072289
0.216867469879518
0.220883534136546
0.27710843373494
0.365461847389558
0.379518072289157
0.28714859437751
0.325301204819277
0.321285140562249
0.327309236947791
0.238955823293173
0.116465863453815
0.0943775100401606
0.357429718875502
0.465863453815261
0.427710843373494
0.140562248995984
0.381526104417671
0.196787148594378
0.407630522088353
0.140562248995984
0.325301204819277
0.317269076305221
0.257028112449799
0.192771084337349
0.339357429718876
0.419678714859438
0
0.116465863453815
0.0160642570281124
0.0321285140562249
0
0.36144578313253
0
0.347389558232932
0.405622489959839
0.417670682730924
0.0120481927710844
0.140562248995984
0.0240963855421687
0.00803212851405621
0
0.0240963855421687
0.228915662650602
0.00401606425702811
0.164658634538153
0.0682730923694779
0.447791164658635
0.0441767068273092
0.393574297188755
0.130522088353414
0.317269076305221
0.0481927710843374
0.305220883534137
0.313253012048193
0.289156626506024
0.0160642570281124
0.301204819277108
0.188755020080321
0.0562248995983936
0.0401606425702812
0.0120481927710843
0.0160642570281124
0.275100401606426
0.42570281124498
0.455823293172691
0.381526104417671
0.0120481927710844
0.0200803212851406
0
0
0.160642570281124
0.214859437751004
0.216867469879518
0.172690763052209
0.116465863453815
0.0863453815261044
0.134538152610442
0.210843373493976
0.0602409638554217
0
0.331325301204819
0.457831325301205
0.0682730923694779
0.275100401606426
0.188755020080321
0.192771084337349
0.449799196787149
0.214859437751004
0.313253012048193
0.27710843373494
0.0923694779116466
0.0120481927710844
0.34136546184739
0.144578313253012
0.0682730923694779
0.329317269076305
0.142570281124498
0.313253012048193
0.319277108433735
0.405622489959839
0.423694779116466
0.140562248995984
0.200803212851406
0.164658634538153
0.333333333333333
0.0682730923694779
0.0120481927710843
0.036144578313253
0.369477911646586
0.353413654618474
0.381526104417671
0.0883534136546185
0.180722891566265
0.423694779116466
0.359437751004016
0.036144578313253
0.343373493975904
0.34136546184739
0.198795180722892
0.0441767068273092
0.0682730923694779
0.437751004016064
0.116465863453815
0
0.206827309236948
0.186746987951807
0.377510040160643
0.0160642570281124
0.427710843373494
0.3714859437751
0.383534136546185
0.339357429718876
0.1285140562249
0.232931726907631
0.072289156626506
0.477911646586345
0.194779116465863
0.182730923694779
0.335341365461847
0.419678714859438
0.0200803212851406
0.036144578313253
0.00803212851405621
0.253012048192771
0.347389558232932
0.0321285140562249
0.144578313253012
0.176706827309237
0.475903614457831
0.156626506024096
0.134538152610442
0.0783132530120482
0.315261044176707
0.41566265060241
0.236947791164659
0.234939759036145
0.0923694779116466
0.00401606425702811
0.112449799196787
0.317269076305221
0.345381526104418
0
0.216867469879518
0.365461847389558
0.036144578313253
0.0441767068273092
0.0401606425702812
0.036144578313253
0.393574297188755
0.166666666666667
0.0562248995983936
0.463855421686747
0.449799196787149
0.461847389558233
0.0441767068273092
0.00401606425702816
0.00401606425702816
0.455823293172691
0.00401606425702811
0.00401606425702816
0.00401606425702811
0.00401606425702816
0.00401606425702816
0.166666666666667
0.385542168674699
0.242971887550201
0.409638554216867
0.0742971887550201
0.072289156626506
0.273092369477912
0.0843373493975904
0.333333333333333
0.236947791164659
0.389558232931727
0.216867469879518
0.142570281124498
0.0742971887550201
0.433734939759036
0.433734939759036
0.174698795180723
0.423694779116466
0.275100401606426
0.273092369477912
0.0542168674698795
0.116465863453815
0.102409638554217
0.315261044176707
0.291164658634538
0.36144578313253
0.0160642570281124
0.331325301204819
0.00803212851405621
0.403614457831325
0.224899598393574
0.224899598393574
0.168674698795181
0.0281124497991968
0.27710843373494
0.0562248995983936
0.144578313253012
0.228915662650602
0.471887550200803
0.15863453815261
0.0963855421686747
0
0.0983935742971888
0.00803212851405621
0.15863453815261
0.036144578313253
0.369477911646586
0.242971887550201
0.116465863453815
0
0.0120481927710843
0.0602409638554217
0.389558232931727
0.431726907630522
0.178714859437751
0.357429718875502
0.204819277108434
0.160642570281124
0.327309236947791
0.0642570281124498
0.265060240963855
0.389558232931727
0.391566265060241
0.0642570281124498
0.0160642570281124
0.0823293172690763
0.00803212851405621
0.1285140562249
0.0522088353413655
0.465863453815261
0.417670682730924
0.116465863453815
0.261044176706827
0.399598393574297
0.156626506024096
0.255020080321285
0.327309236947791
0.112449799196787
0.319277108433735
0.34136546184739
0.27710843373494
0.208835341365462
0.28714859437751
0.411646586345382
0.311244979919679
0.0923694779116466
0.0281124497991968
0.144578313253012
0.0803212851405622
0.152610441767068
0.168674698795181
0.451807228915663
0.345381526104418
0.164658634538153
0.367469879518072
0.407630522088353
0.0120481927710844
0.198795180722892
0.144578313253012
0.234939759036145
0.100401606425703
0.0803212851405622
0.170682730923695
0.251004016064257
0.323293172690763
0.309236947791165
0.240963855421687
0.180722891566265
0.206827309236948
0.108433734939759
0.226907630522088
0.41566265060241
0.465863453815261
0.236947791164659
