-1.28886223834663
-0.0572811942173104
3.20454972227868
0.214051191027494
-2.24635203900277
-0.731006196160997
2.01689881312091
0.756695885945259
-1.48030630565959
1.17733091701563
1.45940855922846
-0.889616380002831
1.512908652963
-4.67067744608167
0.739581872756103
-0.818210467375554
-1.54200264188536
1.58829751227648
1.84884540055718
2.0037430219549
1.65013216060263
0.120339379325241
0.0958411989899357
-0.53545264338256
NA
2.43939903179336
2.79837276315498
-5.86705853561411
-1.29915025804596
-2.33174848524117
-0.4351532968792
1.71533674425658
0.130330514902598
1.20775958511836
-3.22297235728947
-0.37129476907398
0.215697687589682
1.13149066189526
NA
0.801290237064656
-1.0368168973903
3.55500182016522
-0.699969030308097
2.5369383721524
NA
-2.02602416249804
-1.05775293208594
NA
0.798368461781223
0.368778221365937
-7.66571947122067
0.00331556401136801
3.06294856876765
-1.73073019227889
0.381660911789076
-0.853087993963406
-3.5707677580089
1.41076049913424
-3.05875250777433
2.15474583280696
0.355803331301539
0.81584672685177
1.77238628187747
-1.78021279686796
-1.82612407032221
-2.13483481157027
-1.88855416630426
2.13202916206982
1.86939424663609
-3.43715345079637
2.71013630947446
2.27224612697799
-0.181559968129864
-1.47355530339627
-3.64815707332635
-4.31185334955671
-2.93796410378214
-3.07009194414587
-0.0683193731855685
1.78328413981406
0.454380815287831
2.17998710325828
0.470039795194502
1.23447240225894
NA
-0.349076223099651
5.74334400215059
-0.447777715709913
NA
-0.0137997523471149
NA
-3.26247388720563
-0.650952770488983
0.774696820024911
-7.69771249939254
3.88174905085846
-0.478960871827095
1.19257633730331
NA
-0.478960871827095
-2.23178967945133
-0.752625060853671
2.66036900452746
-0.692873792047109
0.192120022655416
-0.126621617491804
-0.278651541225303
-0.266614711169076
-0.98172333470982
-2.80712614367006
-0.747712370785202
-1.27057428449115
1.8407896438461
-2.10413398727047
-1.64008270896468
-1.63329026698712
3.22921669031749
3.3524124687977
-8.95034729970225
2.58354156380113
0.960996721410794
1.83510699530975
0.054795755431913
-0.961099831157942
-2.94450603084385
-7.07811323195261
NA
NA
1.75548613854665
1.29462147400402
-3.79360531249136
1.31818695104423
-0.764153983573441
-3.95329585327893
-0.805681093018187
2.44628135236218
-0.600654359027468
NA
1.66912832705685
-1.48184293156963
1.9531726711506
-0.81037920402582
-0.599152261961443
-1.39679702703484
-0.819997464242077
-1.22495721672883
0.00162562951028811
-0.721312445153142
0.101579032088296
-2.32871339020699
1.24178943460956
-3.60397717700295
-0.251443252373336
-0.533721593665703
4.61915436934292
0.741127937639783
-0.179608521293932
-0.115850618409024
-2.33557654317502
-2.27277582983659
1.64803945604147
-2.38111126422699
-0.892944573833228
2.99950353412561
5.58745818823119
-2.78400886105064
-2.3322684267191
-2.94930076587367
2.41308236733228
0.0980814964664365
-1.20149962518144
0.864204517702799
0.549623194801271
0.638954327483788
1.01505855491065
-1.39235043182406
-1.97070092883997
-8.81915387077385
-1.05041949517214
-1.58425246182008
1.33625375021849
NA
-3.23613879146612
3.92215956557206
-0.106655872673983
-2.58832604298442
1.7385821369154
0.00684684662634538
0.222284445763499
0.730681486677421
-1.79456811750686
1.14309244820511
-1.52958415468846
-1.13347930462668
1.00626400626062
1.1321769325835
0.72582486788405
-0.973377838197937
-0.392012204193577
4.90883445659415
-5.13949699214118
-2.43330257776107
0.533684086132578
4.98096847535322
1.58416974043324
0.644412586391871
1.03415556793976
1.79618123943036
-1.69549892046201
1.94458565575727
3.34373362065545
0.137077412792351
2.62275866853906
2.68152545157913
4.12539004670192
-3.53145070746369
-3.64598733644306
-2.94328552667773
1.39152650299087
NA
-0.950308948684322
-2.40138466040212
-0.102059150932746
1.41551917550944
4.54226118252248
-2.90901659036158
-1.58840146844198
-0.374349924308726
-0.629252164120956
1.64455213254014
0.574847456361864
-0.491063557893696
2.51192466293969
-4.14993715251649
-6.34006786046768
0.308078767234194
-4.02033671318839
4.02033671318804
-1.60519979076257
4.02033671318804
4.02033671318804
1.4448742317208
1.08770830295708
0.860049900162062
0.464012417540262
-1.57635680580458
2.64030952681186
-4.0050178675411
4.1623916501343
1.72818371936132
4.36341535004876
1.48338602103568
0.600933491902509
0.407038311394999
0.947579834647506
1.13512189430542
-1.31966091545394
1.58777401286885
1.10295469252678
2.00319929211349
0.0485695868436835
0.482345645893775
-5.57372046721735
1.30137162646102
-2.21609690968066
-1.67224497396097
1.42968693054824
-3.87667449834191
0.381584515797879
-9.87716317376578
1.5399346173826
-0.339955791383433
0.339955791383481
-2.11815201815174
4.29648574654984
-1.62196641909016
4.44543375575494
0.81456655036466
3.28440724640682
2.61948761360151
1.05676700377927
4.19631658237941
NA
3.37176749162995
4.62346457377043
-1.91088168352589
-1.63519867134369
1.1423122087151
-0.180959151487269
-0.486583136824703
NA
2.15285283857233
0.715485098906657
-1.79243091110244
-0.429909436131851
1.01096795754602
0.542963693969787
1.08939209247633
0.221832667718282
0.0346177997984363
1.2127532436332
-1.07939813780576
0.478522570273604
0.842650779159829
3.2484507987843
2.89843573063024
-1.24338781485343
-1.21424980713277
1.22042671229742
-3.84772635362217
-0.714971584290312
-0.316315101701568
1.91010502803545
-2.02837991048014
2.11859901225235
-1.67837209916845
0.00297976088050156
0.826567169013149
-0.194516254687787
-1.42819180158219
0.910217751015049
-0.0764244822179787
-0.00068639196386755
0.330496571764879
0.14913742956392
-1.38711568798942
-0.385728877878392
-0.556036052780275
1.22861190893667
0.492292199034801
-1.45873739495614
1.0949024666997
0.607089517982109
1.24341847012921
-0.187167303417169
0.456803614491058
0.706585692741305
7.14604550640638
0.853470312128131
1.7298313339285
-0.261210096756328
-2.47642938534354
-0.468921870991252
0.231497800706919
-0.0411290850585644
-0.590571017399233
0.116444233447154
0.665993112544565
-0.988228784718433
3.80852192705865
-1.05194552491626
0.558087883492892
-0.109975490029784
-0.30245680711694
0.138402546984013
