-0.909751314082428
-0.0276608004932509
1.46896784916416
0.107567412811264
-1.82045943440398
-0.579639095275616
1.27019882485147
0.555242626342752
-1.08801719011752
1.00429897038431
1.28932903009395
-0.588996017609447
1.33473075948048
-2.5301619972956
0.534464724956467
-0.673782040141723
-0.744152419265086
1.14027005736311
1.15407700647651
0.841062726036736
1.15620826506531
0.0855862620582298
0.0705790366462813
-0.187369669235
NA
1.43107393006685
0.729578529954306
-1.39390534524369
-0.907186249567218
-1.59334787973677
-0.236933157410697
1.38864598702298
0.115481074293322
0.999119405669562
-2.08355157427423
-0.290625141105897
0.142204372104353
0.571740760274538
NA
0.653041236655494
-0.825175106261277
1.82207285507679
-0.283056904059694
1.64763921459804
NA
-1.13463061247264
-0.868681237791192
NA
0.646107769592021
0.22792251109364
-1.4856729218101
0.0027192815705147
1.66709847045849
-0.924326563453771
0.279293853338931
-0.354362942203987
-0.67867159414744
1.16382435695572
-2.03086096444788
1.46058219119815
0.265682733306243
0.600226734142793
1.30840984467196
-1.22877987631906
-1.40620674951738
-1.65477513298669
-1.46249106688404
1.51758212962591
0.847157948300575
-1.78192700472642
2.06375436251488
1.81750404378236
-0.146526505373159
-0.952069683780785
-2.90792627564293
-2.82544163176692
-2.40848781315837
-1.56400688702876
-0.0560330416947747
1.38550557348502
0.328826741739538
1.34672528237607
0.380576643227072
0.988389503159694
NA
-0.195997694487065
1.16089232306301
-0.123368817412057
NA
-0.0109134536270602
NA
-2.60711428270318
-0.507843508230562
0.622022132586163
-1.43401153818394
2.34666035179526
-0.133199344501558
0.158990996674501
NA
-0.133199344501558
-1.634256925534
-0.0840781763167327
1.74925947417446
-0.306124799087163
0.159635171005681
-0.0430729856368982
-0.233266561463044
-0.162218420664986
-0.709657535746523
-1.21335066641956
-0.540204749135993
-0.923628862879044
1.3005804977632
-0.443778818692578
-1.32023405819129
-1.07114631655499
1.35931649094723
1.23703988503209
-1.59251961947464
0.546796386375143
0.584878793097527
1.45512441389389
0.0463624866764864
-0.791537387188303
-0.621965911933066
-1.81878047842794
NA
NA
1.0883719707721
0.897707386094195
-2.79238466821309
0.838170449800938
-0.421303607921145
-1.88174286816818
-0.441833707439248
1.63578906621663
-0.325889342901774
NA
1.3461609930524
-1.2718837376368
0.999678503244843
-0.625771013500269
-0.361723932202977
-0.964099329264935
-0.700618108073162
-0.878120659344085
0.00126093131396256
-0.562319052887792
0.0473056688885313
-0.506196126583504
0.953782829948364
-2.17204893196081
-0.107621051090952
-0.41924430380963
2.54182336266575
0.562139336994627
-0.152679921668593
-0.094933307674272
-1.91180107993707
-1.34345447626763
1.17439916191765
-1.52310840605983
-0.561597903017328
1.20136241728247
1.08240911327366
-0.841735748748532
-1.81668922351103
-2.29766190134215
1.94680970465972
0.0416847879019331
-0.793919446151388
0.712627021692351
0.456095624838033
0.20966322291353
0.828969383848333
-1.13817951902891
-1.27682508377411
-2.95725125540821
-0.437477395307365
-1.28436023499525
0.723764952427552
NA
-2.12212293673801
2.49127190656414
-0.0890860827013574
-0.592486686044454
1.4565292354311
0.00568681218157933
0.175748523953153
0.568658913328003
-0.934696259215452
0.827112342934177
-0.776754089875504
-0.94415130715154
0.598193340378491
0.652098760590447
0.606602673809761
-0.821787475627638
-0.0769398284957741
1.31469050920444
-0.818838107111587
-1.81151942478574
0.441937487624588
1.63258655649168
0.983522228985589
0.416605381354562
0.880634763470267
1.11687588576641
-1.04388454809029
0.945238527350256
2.70134357812353
0.114958789854652
1.84756498543682
1.87266212110243
1.99759043881157
-0.45954929571382
-1.97986193085013
-2.32709804023296
1.11189689736274
NA
-0.653620586725768
-1.93359776264827
-0.0314745015095995
0.507446803856603
1.48620944891527
-1.01640527836203
-1.35467950176453
-0.202003497430902
-0.248302663783349
1.33217656722809
0.478652886222867
-0.403768200273232
0.596177529466269
-0.452964553730675
-0.962230154262542
0.251767014247694
-0.425317882499778
0.425317882499663
-0.169928210479493
0.425317882499663
0.425317882499663
0.921830380191144
0.82259723818163
0.645441875191367
0.388258068678296
-0.50281168307108
1.25687417993642
-2.83458103080342
2.00256575225198
1.17910508126162
2.93812050830934
1.16592627277341
0.394852462051663
0.248472966388998
0.355530512141253
0.879704619712167
-1.01670915260065
0.989527464869037
0.858238956746922
1.42506393978081
0.0361036046305633
0.193037296675699
-2.97535056422093
0.592772840676491
-1.55070248674789
-1.13125302464888
1.07047731930613
-0.79959278007053
0.298077019607647
-1.48166445606695
1.23588425352926
-0.245262063334044
0.245262063334078
-1.22831643358452
1.19255333382726
-1.27191430270123
1.67854828861462
0.472174328477294
2.41467129525365
2.1747799556939
0.539101346254138
1.43999963052314
NA
1.05716163790181
0.762690039230562
-1.16172002479987
-0.448327718616682
0.849782518113674
-0.134918031833603
-0.245008869234277
NA
0.429636300151083
0.288639397515694
-1.43497028079937
-0.309473812864469
0.631159217957241
0.425102194814443
0.730795439325605
0.14422945514736
0.0286134561559581
0.510792366911363
-0.740992205358159
0.38124746003308
0.651381943037917
1.16348234476467
0.589956552459372
-0.523167325472234
-0.183668930637462
0.708768776897034
-1.24894891395025
-0.624025808660267
-0.256278097453474
1.08042824545217
-1.45419854827338
1.67612711066096
-1.0235745345039
0.00213828984584172
0.691204775176224
-0.0845595733171536
-1.06288197185864
0.718355271209248
-0.0489165314370969
-0.000494060735962194
0.243593185553532
0.127808482036381
-0.989900582936283
-0.153193937429984
-0.154884819625525
0.73434522331395
0.240786382304073
-0.919267667730005
0.622636973066133
0.515148594443842
0.974672199922216
-0.115878757540138
0.367155790249343
0.591646557238092
1.3326645054849
0.60142366370318
0.963738405645586
-0.176927270102062
-1.12845215522279
-0.206599039775048
0.148408149176168
-0.0291009653456159
-0.47022917481452
0.0911071239707678
0.484319593295355
-0.565234976676666
2.47476917191038
-0.577434557349986
0.413875592416294
-0.0895922578550666
-0.229950566657899
0.0946789030847404
