0.245512712149249
0.248411683332585
0.245653602650587
0.246605750540822
0.24585619904021
0.253028921555857
0.265749775496141
0.245507751772131
0.246179877573211
0.248267457534216
0.250048654374018
0.246270461429647
0.24625701535453
0.245510644427965
0.248039781962547
0.245632413063967
0.245510086390258
0.246499175399988
0.248278690799264
0.245749333123123
0.246500157753721
0.24701837921011
0.245676087603849
0.249240174997969
NA
0.246636737307694
0.254308060995672
0.250455982783881
0.246123387984343
0.245625869242599
0.247785855245549
0.245713998882257
0.251058377065894
0.245572787413392
0.251088887148231
0.246971758929772
0.246683614946226
0.248567699123045
NA
0.253845337892074
0.252084354487596
0.246177952855626
0.245609830531688
0.246469427909005
NA
0.248149355561034
0.252496142126013
NA
0.245603952009892
0.247460299474338
0.252513822128695
0.248272286059419
0.245532543685332
0.246323752658311
0.245782280964428
0.249757721753216
0.245506189231349
0.253585530173944
0.247292114483911
0.246295605357664
0.246635511595173
0.245512715673131
0.245522548038618
0.248206719717198
0.252135489253372
0.246506913475367
0.24977308223018
0.260528074243249
0.2457256850144
0.245523091476218
0.245552449850294
0.246560259183953
0.248887880119914
0.245521911206439
0.252736480528224
0.263340662462437
0.262920514664553
0.245510038418439
0.25352512490694
0.249205670213833
0.24655010871495
0.245663975681119
0.245554129793872
0.245546288546143
NA
0.247406334023785
0.247768539123832
0.24607951798753
NA
0.247162461967485
NA
0.262440889013068
0.252032267901211
0.248818007257646
0.245918670621325
0.249934664695725
0.252269691281822
0.245701788425133
NA
0.252269691281822
0.252493958711337
0.246512566242742
0.260871036108837
0.246015169525027
0.245532031745088
0.246036991950542
0.246654346788337
0.253178984128882
0.257664624568758
0.249184942285586
0.257909074291095
0.258826081303628
0.256051713391311
0.246435450654593
0.265536098601087
0.245740248188227
0.245540682474839
0.249656696611347
0.255715352064249
0.25331171857375
0.245562229900605
0.245653322766353
0.247356860927958
0.248842696045953
0.245514465477481
0.249327911296213
NA
NA
0.247456032410775
0.245595170340111
0.24592839865597
0.247506649758751
0.24582802999217
0.245582886621295
0.246810283413816
0.245718675488555
0.246895517587869
NA
0.256484033281991
0.246182545958138
0.248939429774549
0.248560168032738
0.248400397586304
0.25037332878921
0.250638205267573
0.246145873299152
0.246831459462355
0.249807587737016
0.252761688496176
0.248658129050107
0.250824739410745
0.245805584096298
0.246874156644705
0.245614352687957
0.257627092633416
0.245631747017436
0.250392502507637
0.245507037356988
0.261914612936047
0.245975003929152
0.245641782172074
0.247763423723671
0.25331035154305
0.246385441272097
0.245839522588798
0.245586166439236
0.245777600398926
0.247290197547309
0.247672022476155
0.245603649217981
0.253955743959186
0.264326747010433
0.254999134093114
0.246401782592394
0.248514523191348
0.247449385866554
0.24578458277521
0.245528433246076
0.251920504033014
0.245512048536174
0.256543375416719
NA
0.250056700524124
0.252497895582182
0.245603617345714
0.2586411529717
0.250606720162612
0.245763017054157
0.245572291082208
0.274149601578085
0.248027861956381
0.24669328789078
0.245509073998441
0.27350618336834
0.245513955382294
0.245723142736778
0.250054059121284
0.254181347097697
0.248272685215374
0.246243553215831
0.245642147228384
0.255394369287054
0.24882088632113
0.245805018707091
0.246251259083722
0.253507628146214
0.251195935205131
0.256797020340255
0.247009182175567
0.245749001443165
0.247062625972633
0.258993474808439
0.246536526052544
0.245561273255498
0.251026400167075
0.246273615563506
0.254001605879632
0.258431202855953
0.249486061750484
NA
0.248205613685151
0.252747509698754
0.245940203604771
0.255792967247472
0.245571144572832
0.255119550289952
0.24554770530528
0.252537838492367
0.245633136449657
0.245687531255636
0.24914371585148
0.248719945703221
0.248151828943842
0.246102191474996
0.246102191474996
0.247606814516714
0.256354260994312
0.256354260994313
0.245666725391925
0.256354260994313
0.256354260994313
0.252413731114575
0.245507380161157
0.246383264957721
0.245532975479738
0.245691031975448
0.246572200846646
0.24621488881754
0.245833363870176
0.245603816942569
0.247968632491711
0.249185148376366
0.245977318050482
0.245506266258302
0.247861435139733
0.255534396591203
0.255968767616057
0.268263451043904
0.257855389430774
0.254308896398754
0.245795416830721
0.245828039510005
0.245508901290224
0.246846175580937
0.245859236125178
0.245644849720396
0.245719757382078
0.255464134024328
0.265917723546421
0.245805742079811
0.249070901507889
0.250170736123224
0.250170736123225
0.270949847193247
0.255691407483084
0.246594197793934
0.249027735659376
0.245594640475213
0.248167595082627
0.24611191164777
0.246411090630263
0.247072232247763
NA
0.245638498119413
0.246237092690082
0.245836689739881
0.261524072121729
0.245699021344456
0.247656084781018
0.254036362262844
NA
0.245580786502392
0.248862846574473
0.250549876083211
0.255297291598819
0.250240682098385
0.247147534896562
0.245655289785104
0.260004931294463
0.255808970600168
0.252363268753426
0.251382983959358
0.245902015169622
0.249977669940147
0.246160597228334
0.247401949577145
0.246729864860844
0.259200110280425
0.253881790001827
0.250081091429981
0.245876261070461
0.245513980882303
0.245819010094159
0.246390351089136
0.246396471540166
0.248919133394201
0.250465119657086
0.245966643707514
0.246726272496915
0.24846403658458
0.249791997405201
0.262708192666683
0.245538753795837
0.24557052980917
0.245577600758224
0.250258712670612
0.246442134214663
0.247531251275464
0.246977301332898
0.246731231251802
0.246594771143242
0.250193675470092
0.246003869292755
0.250470208090523
0.251267362168876
0.251193904955148
0.256096459246389
0.245577968749016
0.252315358763692
0.248248448943584
0.245513766816833
0.250858866796435
0.245680597898397
0.248390584479246
0.260697389853511
0.245833489345087
0.261558290629519
0.245578920635777
0.255720631835463
0.246251970616237
0.246257189812935
0.246179466765748
0.24562719137872
0.2455080109111
0.245538636143445
