0.235276884520042
0.232995502454086
0.238946981036555
0.233025315362011
0.242136972586258
0.233920369950799
0.237444802767534
0.233843980764533
0.23625946399882
0.235776180903967
0.237579896064144
0.233950539322489
0.237908596615064
0.250655842341805
0.233781511575017
0.234245935995086
0.23452123228453
0.236580708432333
0.236668108375057
0.234945082580974
0.236681693263169
0.233013601294843
0.233007135241961
0.233090253354779
NA
0.238643781810716
0.234461974149304
0.238354083740743
0.235264025952029
0.239997865410016
0.233148275275115
0.238313707094118
0.233030185385552
0.235747551043825
0.244970798823129
0.233226426217342
0.233049184539097
0.233895279498706
NA
0.234170009567134
0.234872044368027
0.242153187152582
0.233214447224817
0.240483335112534
NA
0.236545312520429
0.23507536495437
NA
0.234145157430524
0.233136718720279
0.239083159166158
0.232993411877167
0.240661298106767
0.23535063894416
0.233208608719684
0.233339849725895
0.234264181082249
0.236730443931826
0.244372669120352
0.238879202470727
0.233188143047267
0.233987388261261
0.237716652166529
0.237159230562986
0.238449118924501
0.240548353433019
0.238894597185823
0.239347559834495
0.234973473082939
0.24175399707597
0.244744269508076
0.242107308734945
0.233052627607846
0.235494265309802
0.256323732839539
0.255018953038892
0.248997932211976
0.23974227032621
0.233002053964849
0.238289670588275
0.233291715733072
0.237997334274505
0.233393003522692
0.235688712872027
NA
0.233099379363003
0.236711638066232
0.233035383335786
NA
0.23299372008409
NA
0.251746550985553
0.233704955725645
0.234060886810363
0.238667003069129
0.248186784816106
0.233042342128131
0.233063134274735
NA
0.233042342128131
0.240362161083151
0.233012895349352
0.241435730326392
0.23325194552038
0.233063700565091
0.232998510229688
0.233143518641189
0.233065994489225
0.234382870348239
0.237055270418992
0.233798530924045
0.235347081690113
0.237660294588893
0.233536751206934
0.237802406945231
0.236158961372248
0.23809134041538
0.237215425364825
0.239990585117239
0.233818299601077
0.233937204702515
0.238835297474759
0.232999321927065
0.23472200209196
0.234060693850759
0.242120114653956
NA
NA
0.236261594348006
0.235216823757375
0.254506580817876
0.23493168257213
0.23348310789628
0.242762948391808
0.233531998483893
0.24037598422661
0.233286409696499
NA
0.23799314176403
0.237456620152606
0.235750634308485
0.234073793015114
0.233354392801133
0.235557862942697
0.234347698171272
0.235120857825467
0.232993395862333
0.233865800014335
0.232999565675525
0.233700346760079
0.23550327350977
0.246009870401418
0.233025347207516
0.233478332193724
0.250819027893461
0.233865242463867
0.233057707348329
0.23301825665153
0.243077551181613
0.237973057532066
0.236798664086633
0.239393921511562
0.233863563796728
0.236975401904851
0.236225881476678
0.234948207337183
0.242099138695481
0.247558930329354
0.24345025198938
0.232998185602282
0.234732421936497
0.234394522927851
0.233567330985343
0.233114674166733
0.234889360737875
0.236567566722695
0.237491367352202
0.257121915681611
0.233521429922943
0.237544613388773
0.234438662873344
NA
0.245418362618575
0.250117050492978
0.233015287942038
0.233961917960382
0.23884658282858
0.232993480701775
0.233078610720667
0.233885582832165
0.235403825889226
0.234880875626499
0.234658035619206
0.235452838698024
0.233980664924382
0.234166615802349
0.234008617987469
0.234856650984368
0.233009724128736
0.237762106449693
0.234843300628909
0.242047387522337
0.233532251535206
0.240347105587081
0.235662232286023
0.233472246513591
0.235133057353245
0.236435021156782
0.235999877906316
0.235458506222398
0.253126644858963
0.233029853323684
0.242411284562386
0.24266888578567
0.244002881727099
0.233576055923326
0.243808331615488
0.247934529260744
0.236404404256453
NA
0.234172098183018
0.243308803504322
0.232996124679536
0.233703844476241
0.239087558405524
0.235843675465827
0.238056618826163
0.233105974286485
0.23316349647094
0.23788980276241
0.233625505861037
0.233443190525842
0.233974022244798
0.233559477908004
0.235547928698166
0.233168276237119
0.233492484610359
0.233492484610359
0.233073059725666
0.233492484610359
0.233492484610359
0.23533792444098
0.234860324783699
0.234142784577835
0.233409297575254
0.233690924911777
0.237351900194405
0.25516167477487
0.244057791760171
0.236829221301992
0.256810745883932
0.236743954669636
0.233423545520071
0.233163729889769
0.233342136537491
0.235128539825888
0.235845380016895
0.235694922849361
0.235025611647021
0.238596422295564
0.232996987771717
0.2330962018082
0.257418167824647
0.233962853729147
0.239627938499454
0.236524197156867
0.236155008417953
0.234757364900258
0.233238529849181
0.239050342125621
0.237207540677493
0.233159355923354
0.233159355923354
0.237156088806157
0.23691721920143
0.237456834669872
0.240766987884488
0.233608510349223
0.249080216896113
0.246042623495201
0.233795245185113
0.23871448531474
NA
0.236076842822766
0.234598300647367
0.236716942083228
0.233547947581376
0.234985761021908
0.233043613510389
0.233159013436398
NA
0.233502671035398
0.233223252601012
0.238674592061876
0.23325763364203
0.234092478722718
0.233491978537363
0.234466877315663
0.233050784912972
0.232995650364934
0.233713243296178
0.234508283185939
0.233394413502695
0.234164037893557
0.236728247844948
0.233953663701919
0.233748545488118
0.233086464902578
0.234379392224511
0.237297108016392
0.234067775182071
0.233174599444486
0.236214061035951
0.238827865671527
0.240744578417621
0.235884026463473
0.232993404090647
0.234311550385483
0.233013119331027
0.236110302403015
0.234417138651927
0.232999993325133
0.232993392149106
0.2331571050082
0.233038460033727
0.235696960549659
0.233058141131909
0.233059578372303
0.234481226775657
0.23315335396474
0.235324906835418
0.234062998194156
0.233725573982079
0.235614418314616
0.233030439236954
0.233365316220065
0.233959173223237
0.237893390250711
0.233991356529649
0.235555943212967
0.23307975768589
0.236506734957029
0.233111155030586
0.233054158757108
0.232995727993482
0.233603452741788
0.23301629271492
0.233640561491586
0.233874871279044
0.249890940095037
0.233913332216136
0.233465991718786
0.233015537474495
0.233139280721121
0.233018123561491
