-0.581227098540023
0.602576043595001
1.54659564186758
0.0927008727002159
-0.0912704913085407
-0.415418830446384
-0.0381880964862708
-1.06365077982556
-1.52667311358257
0.894429953616771
0.324758595111892
0.759719068970879
1.11638012097752
-0.86100819388864
-0.0793399038396219
-0.974024162026738
0.910116385243468
0.00330022940190491
-0.245877178292329
-0.59561378980648
0.213762499349151
-0.995025787150929
-0.369964957709289
-1.23073178561251
NA
0.870201596889856
-0.168279577472499
-1.49350680498448
0.868252041381635
-0.0900040528941232
0.930114031063533
-0.433319639518739
0.812905867765889
1.32159912956165
-0.310271223060877
0.673041700040162
1.27978450733194
0.210441192341145
NA
-0.492769015557602
-0.180769705027806
0.996992416772289
1.08540356109137
1.76237754862836
NA
-0.270189771946421
-1.26935147462641
NA
-0.0284657065684602
1.00477580869805
-1.23961609551245
0.679711006370931
1.60344587612917
1.27931114457759
-0.0520933811159962
0.421940384703127
0.37368470089057
0.988324235451091
-1.37442696835939
-0.622002972110524
-0.533760294900317
0.144111530355201
0.194739123204665
0.979904279765648
-0.975809655173055
-1.16544832335484
-1.46636813758774
0.533460585284447
0.467640413530675
-1.96473040428709
1.7184730715491
0.911842846177589
-1.51234034166407
0.163691974110967
-2.96699134084905
-2.82153021521952
-1.4667025889493
-0.266056047321281
-0.29721469730918
0.211373701951728
1.1907089748201
-0.375414879075488
0.176738130170025
-0.54482085521132
NA
0.250224267445388
-0.135725220204276
-0.302321639873684
NA
-0.448356591265752
NA
-2.29836602245683
1.2497896561456
-1.1325026905922
-0.609196967298922
2.50086314023665
-1.76159132138616
-0.463837443227949
NA
-1.76159132138616
-1.42943985910708
-0.979991448695963
1.38034663884785
0.0512370061022096
-0.186930296270094
-0.923147172073551
0.439162458475268
-0.84703509372578
0.445017314243978
-2.08415295771476
1.06527273484497
1.02296781996014
-1.04315995983644
0.00795506488153063
0.865657213597442
0.686471424256214
0.0185904174788611
0.0519649129522074
-0.495426432620169
-0.053587657277271
1.89125558828237
-0.0395030900036924
1.64694642214289
1.31539688231397
0.258260464327014
-1.38873440037507
NA
NA
0.505582721407678
0.222048829639033
-1.02964305351425
0.290190689982511
0.882992425510184
-0.154986696387378
1.61222526782165
0.287209474477389
-0.0186646799990594
NA
1.09401799041603
-0.547106684753084
0.053132914789121
0.457236484923427
0.803378970562886
0.18026467588076
-0.65454298242073
0.266326973217259
-0.809924210866663
1.04888659112704
0.409085391630852
-1.51475106428673
0.931772612861916
-0.951334529268556
-0.415501689749219
-0.373382781960118
-0.715899172570347
0.222563321837936
-1.52476569293231
1.0892661152379
-0.545980408501967
-0.759077207182302
1.34145392912448
0.259878098892093
-1.21535912369825
-0.671526823617292
1.08737971100862
-1.13776714412799
-1.62326755975007
-1.69207307282143
3.5671633864246
0.418894022152008
-1.25281761830082
0.82702601783223
0.158576015621255
0.545896115324369
0.043331699530398
-0.183439569902192
0.40054803598273
-0.609157245957073
-0.127635524905086
-0.648598003145865
0.693579244807088
NA
0.759604093676928
0.226966002293623
-2.72785280619509
-1.76393989731669
2.72254680301032
-2.8127547765851
1.89152258495418
1.33515794448364
-0.272765576198396
-1.72353574014043
-0.209922352141752
-2.83887249098454
1.64777856895114
1.73399218922561
1.26738615620682
-2.6725660757
1.0295978322566
-1.15121999378314
0.148330844646685
-0.397439314890772
0.417024109101633
1.20722524721663
0.544417069936402
0.491255069963762
1.10175289382471
0.669590006092749
-2.99201273727679
0.34555131283036
1.61117930597442
0.431349753030765
1.373502461063
1.50472137858559
2.29900560482508
0.172284051335788
-1.79840600881302
-0.450550917038108
-0.273625946519128
NA
0.232509025223249
-0.310779552019374
0.137916359059791
0.216950849022732
-0.26655353213284
0.810427621677967
-0.640860817171054
-1.81854616377629
-1.0765208893796
-1.07614135762458
-2.97394324674491
3.06742817733385
2.79775651010357
-0.0567134622128063
-0.0567134622128063
-3.09466114383217
-0.673289875555994
0.673289875557441
0.773799822532724
0.673289875557441
0.673289875557441
2.26307979880471
0.602467358370345
0.885101520962313
-0.555086984234691
0.41040349817358
2.16969678659782
-2.32422117282747
2.29961261211899
0.24372980524556
1.80565918719243
1.13947655239081
0.0164762018980967
-0.176327699480915
1.83200620476855
1.782962468064
-1.99193830936747
1.62416607484306
2.09381547705823
0.650528997452794
0.584411752646764
0.26806855885419
-1.53627317116847
0.575214147605521
-0.893223687371625
-0.992012142338501
-0.33793063460589
-0.877929407501353
-1.5587369176298
-0.7712324438238
3.14797764026994
-0.526890373475721
0.52689037347576
-3.35947071650009
1.57076007246195
-2.48373802262387
0.422507327370997
-0.154980285726908
0.290666319254306
0.460682492871486
0.843072686261188
0.112135731155222
NA
1.70631113843955
-0.323092466929787
-0.386560864549921
-0.867126157010107
1.48220111972491
0.461963592543624
1.03902366525762
NA
-1.80408676352914
-1.28972364824845
-2.16216285033299
-0.476380669100031
0.25446229137838
0.121478802074106
2.27206793628006
-1.18830774125851
0.0661301988954713
-0.254687689879357
0.749886403641385
-2.0119500141926
2.17809868256216
2.1141703401945
0.472614288722278
0.245934866006373
0.87564219483097
-0.507575262887717
-2.52562602484778
-0.671417799623493
0.726690449847379
2.27496233767908
-2.6783931784233
2.05580303483094
0.0463793872404679
-0.657152294221405
0.138093788946915
-0.73906489326988
0.995407033238689
0.452667916617861
0.227358535286264
1.01510138555959
0.823517238634545
-0.141942847982511
0.708621007418072
0.337829684820393
0.0628187235187569
-0.776795646031665
0.319254170409955
-0.355762110369593
0.214874353764967
-0.162406484809858
1.25644249715572
0.24868938265164
0.333972315925211
0.45015147275432
2.07430498149775
0.0448274309528863
-0.0681492304759808
-0.404588367729323
-1.71791823832329
-1.29648550386756
-1.00090014255486
-0.239407628096908
-0.531863274601264
0.143900549208524
-0.400484543286223
0.0747933998621752
-0.983582124687786
-1.52771893679588
2.00739070814865
0.0342956744557151
1.13865086228449
1.0406906761109
