-0.194026180860048
0.298874913307273
0.779193470389913
0.042667596737644
-0.0262553504944769
-0.121796080894526
-0.0142494513317928
-0.336060450601806
-0.481508678527671
0.24662781558812
0.0865485219064155
0.265545512272
0.29793730357914
-0.366869055226976
-0.0253313474057482
-0.275501289746853
0.439973320183748
0.00106218816226544
-0.0925531610085564
-0.326602764906937
0.0716362812572555
-0.327750165634733
-0.117856562616154
-0.824795178675655
NA
0.350338929589689
-0.149026840236329
-1.47779904042715
0.290337045360648
-0.0307948631040436
0.393045909042712
-0.124760644640428
0.214017167429409
0.372173994955279
-0.112320744819383
0.200706706645589
0.447912266647904
0.0957902827953667
NA
-0.140340222720333
-0.0529085085945127
0.452914677202429
0.619590329499772
0.636587198610842
NA
-0.111171013632502
-0.36212154107308
NA
-0.00818283632789019
0.379404700767982
-1.47224089098633
0.193356598032192
0.691082576216957
0.573941111871717
-0.0166337914767194
0.241423140028738
0.452215710315845
0.280564425421009
-0.4809576214289
-0.213219683924883
-0.164625305295091
0.0459904945517593
0.0620070871072329
0.332687481564925
-0.293391139304596
-0.348877998121299
-0.438351960943272
0.173999157685337
0.244063342470724
-0.877527925359821
0.526847846805163
0.268384847123436
-0.433504240060305
0.0591827225275097
-0.863056647879191
-1.00294805293108
-0.412986054376008
-0.122875833398439
-0.0844195904010796
0.0635705761127365
0.383288184873848
-0.142221390232137
0.0509105736634652
-0.159028505256828
NA
0.10283723316884
-0.156701970415838
-0.252466066273704
NA
-0.131263076376332
NA
-0.667735328964614
0.372972779117681
-0.330590078408761
-0.753998081430041
0.965903620509494
-1.45947746597064
-0.800081293781659
NA
-1.45947746597064
-0.452732802780776
-2.01922454870769
0.486819986664038
0.02674213987234
-0.0526223621244419
-0.625209547996425
0.122257771148627
-0.331965790303293
0.145041070269837
-1.14062161485776
0.346736816497966
0.331236599531653
-0.347478473728426
0.00869997020680557
0.250926079390728
0.245101432043153
0.0101707217407778
0.0324855385415788
-0.641144661102942
-0.058432518730001
0.726703343023608
-0.0117199241940344
0.451670827479692
0.36890701806486
0.281902620079507
-1.34746205843993
NA
NA
0.189930918017156
0.0744907674745168
-0.323885031540815
0.10628180888431
0.374847881577026
-0.0751846698282463
0.67778098037703
0.099830570573225
-0.00801663818704634
NA
0.316639066475506
-0.147952112983917
0.0242391873237819
0.137715335793509
0.315483080690491
0.0608622872606546
-0.177699598823054
0.0856561938228495
-0.242914685972123
0.311860980885424
0.202968736115508
-1.61115323430323
0.282396810473852
-0.364455666442765
-0.223481545550408
-0.110546218238717
-0.305108433671336
0.0684000802593339
-0.418701928128097
0.311593729855989
-0.156423467644789
-0.300179667919354
0.439143782330028
0.0941029351569611
-0.44799344720904
-0.389190923870038
1.2967407465856
-0.874645653365921
-0.487783440546661
-0.506937962695297
1.03789313118674
0.232605235208012
-0.441055978017637
0.233986248281813
0.0445505809220492
0.387379245797318
0.0122390262061103
-0.0517786708372387
0.142755928812214
-0.419497921028636
-0.070828585653846
-0.185612494192952
0.295503437136396
NA
0.26925693810103
0.0831826906712507
-0.754475998661778
-1.77185546715384
0.760482168595534
-0.782368724712999
0.556644541907175
0.396890418390621
-0.121753228284518
-0.551608315579774
-0.0958994039361016
-0.798441073007396
0.643410411144799
0.698015295495107
0.352586141767526
-0.739458730994592
1.21041227641683
-0.996396016296785
0.214251160733397
-0.123897546909143
0.11701552356848
0.852185363266017
0.204593116384816
0.176408719807302
0.301275182913445
0.249944328100831
-1.12344262372014
0.164735625768728
0.465554568152093
0.118807291342296
0.451405573226353
0.499566037876946
1.09435056439949
0.305369879769712
-0.76327955097941
-0.132554456249643
-0.0798504166604665
NA
0.0780388875676401
-0.0897000031788622
0.103192212442906
0.144374525438948
-0.18822591160955
0.559083410470186
-0.174429326515394
-0.794167100630274
-0.648435582097335
-0.31470067980862
-0.830697616347532
0.864419200298217
2.79724215352047
-0.119563491175541
-0.119563491175541
-0.877600657449822
-1.46476587001399
1.46476587001712
1.68157210924354
1.46476587001712
1.46476587001712
0.823975031055575
0.185609120824925
0.273172784610228
-0.15440307679868
0.30872133273229
1.08824081233165
-0.770125717165481
1.13493892163764
0.083491826064078
0.626998093846161
0.334900811609286
0.00580600572497758
-0.0675126514933453
1.12592470279772
0.536723131798198
-0.603346832459623
0.601523899819917
0.627604925419497
0.210883189152788
0.183210025533022
0.156935643801106
-0.664197279944227
0.295794020757242
-0.299517192789551
-0.345757155926854
-0.10555274828118
-0.981231262232177
-0.463770631623387
-1.18445866089439
0.908112363654936
-0.168373219181534
0.168373219181547
-1.33592830453024
1.30670154408213
-0.73100454563933
0.26082847739997
-0.0616569568322447
0.0916356240537652
0.128370618822599
0.395349539929668
0.0793839938407359
NA
1.34129669661587
-0.450068531280863
-0.147706135631779
-0.728209162848586
0.462412481894248
0.143540472253409
0.485908936923934
NA
-2.08119089210046
-0.738493839560927
-0.629807153280986
-0.155102329687733
0.0971736506483794
0.0364216437537195
0.790071785111273
-0.428988542206879
0.0186723312128088
-0.139605919707222
0.252337396987386
-0.584032777993432
0.661754408426393
1.38811490266646
0.536075286018498
0.135254791476157
1.33259801888414
-0.202469096979677
-1.79934519459805
-0.17875744964452
0.21000719872408
0.934355471622922
-0.873231435542806
0.613300285896957
0.017534691343549
-0.213248480698576
0.0383711020991484
-0.398216067432237
0.311695526834761
0.132780504846036
0.0837675777427869
0.331496530710275
0.259675664533539
-0.038308027196166
0.231244070156265
0.2007517705037
0.0518945956830308
-0.304699766347619
0.153059089069597
-0.131148100635436
0.0888995279151956
-0.0443157286564819
0.372886444320926
0.0927993584735951
0.0967588739890619
0.124869312895285
2.56320242359368
0.0146716646466292
-0.0282248712258735
-0.140349742429484
-0.872847473397883
-0.686071679962112
-0.368868406306696
-0.0784320449048224
-0.155073094106566
0.042665917106504
-0.129831263046366
0.0306063845042139
-0.352757952071052
-0.65106352122916
0.633936311207378
0.00989332863647263
0.348659870072513
0.351743425368886
