0.963051819550555
0.329397405558557
0.825945754004269
0.54826503050801
0.734750797609815
0.117118295210693
0.0104724059298315
0.981828374862141
0.638355852621036
0.34167609348822
0.222900684147837
0.616663494000713
0.619778757229683
0.969440472979476
0.362356556493123
0.838751915497291
0.971408810944166
0.56830729201202
0.340697836795484
0.777633215378794
0.568116129937406
0.481459595012844
0.813373328376914
0.268999329781698
1
0.54268605613418
0.0902149969769154
0.203318268674809
0.652803088734838
0.842930472813545
0.387529697551633
0.794027355154047
0.177956095580792
0.882482523976323
0.176773148960505
0.488289798831414
0.534442371260153
0.316768776251335
1
0.0990697265106801
0.142711939866585
0.638835718589595
0.853703446626754
0.574156324877144
1
0.352195825515922
0.130854089733439
1
0.857866445305727
0.423643415582009
0.130370371004914
0.341255133223148
0.925894247215594
0.604644317832692
0.763470689518783
0.238283913455388
0.99801079358256
0.104456334422716
0.444299619710211
0.610928916111018
0.542904736486232
0.963041876683098
0.941570175157721
0.347031966879286
0.141175539353563
0.566804880143403
0.237440125309872
0.0271840707878229
0.788450390770675
0.940610466830925
0.90194071101636
0.556652638523255
0.292773623784792
0.94271542489733
0.124446865021609
0.0161913721874649
0.0174822049667185
0.971584394825315
0.105754408242584
0.271217349875482
0.558557401151886
0.820028794125233
0.90018600887254
0.908670295164624
1
0.430109063038832
0.389335633680998
0.66458226637816
1
0.46130773964617
1
0.0190874260156197
0.144296411722142
0.29780357393616
0.713022817963029
0.228780414172776
0.137231353064223
0.800036599106704
1
0.137231353064223
0.130913966727256
0.565712222984087
0.0255036995715996
0.682871116730254
0.926614949848721
0.676523834653924
0.539562166573061
0.113545038673865
0.0466918880135499
0.272560823760044
0.0445562941126814
0.0374219832614529
0.0638192928777168
0.580984423672283
0.010882197584364
0.781718848522178
0.915265365851886
0.243925641035501
0.0681757181952093
0.110484944889062
0.892133628958848
0.826108384559081
0.436168993027682
0.296013683054767
0.958398054152556
0.263460989777385
1
1
0.424149299131693
0.864333753046568
0.709811065622197
0.418206167371948
0.745259281180241
0.873958678098404
0.513257235823447
0.79177589249133
0.499814445368305
1
0.0586535469605633
0.637691961155485
0.289132463498562
0.317363527904718
0.330336678153031
0.207120590418316
0.195223225468759
0.646960181751572
0.50985965835376
0.235557886159594
0.12379542420639
0.309740213081541
0.187326415483048
0.754003035001843
0.503126157352913
0.850583426467259
0.0470292784389407
0.839171985079833
0.206231083570856
0.986544316315243
0.0210264577021934
0.694982145960491
0.832961081570311
0.389871438456712
0.110515991619706
0.591337154481
0.74091261744077
0.871315718447357
0.765424406733719
0.444543900991183
0.399627018689553
0.858084328796552
0.0968737105665743
0.0135354857643066
0.0785571933348341
0.587913178694607
0.32099991091111
0.424939096028437
0.76251651445408
0.931898228385442
0.147763983486006
0.964974671591837
0.0579801666869956
1
0.222492575660424
0.130806025971881
0.858107283800504
0.0387569380736188
0.196594368467507
0.771632062906023
0.882917937790172
0.00239204767178349
0.363486216046853
0.532769714575009
0.975378974996089
0.00267336030462889
0.959696327941579
0.789649847451043
0.222626450974557
0.0925503834889286
0.341220365421663
0.622932801487807
0.832739743197227
0.0726325463646817
0.297594129889211
0.75422786403734
0.621123048339945
0.106133717934571
0.172694117810638
0.0551936739773697
0.482794462981309
0.777780913785412
0.47512146652267
0.0362553906815604
0.561125789095598
0.893052333830301
0.179205787337463
0.615937698735636
0.0959772416370716
0.0403336753147919
0.253831855056904
1
0.347130551025472
0.124161372164844
0.705969727063608
0.0671428488260593
0.88393015767748
0.0766986027662623
0.907078880239684
0.129716500137329
0.838296988162339
0.807311596169598
0.275257894157803
0.305052533384636
0.351971015554443
0.65842958509555
0.65842958509555
0.406805080764104
0.0601554542833822
0.0601554542834252
0.818494852891205
0.0601554542834252
0.0601554542834252
0.13313556299263
0.984105738866905
0.591796246588635
0.925291839981377
0.805497950733672
0.554427510349166
0.629769710441695
0.743231419820467
0.857963594183672
0.36917266060285
0.272547424911345
0.694268407412085
0.995523122896518
0.379785679251825
0.0706508191529382
0.0648650532691458
0.00669004147724277
0.0450162642272185
0.090199815366193
0.758082315939568
0.745255646143513
0.976122181306768
0.507521428012929
0.73364634516427
0.831110755512552
0.791258820734154
0.0716378149584107
0.0101615170616355
0.753940253992618
0.280104303748157
0.216803955797118
0.216803955797134
0.00417013077242618
0.0684978028210406
0.550372473700977
0.283028434847069
0.864734276135645
0.350542609882984
0.655834763737728
0.585980924545082
0.47376341644035
1
0.834966400260361
0.624459162582633
0.741976229004321
0.0225973796317529
0.801425949959828
0.401364254949504
0.0953039091886915
1
0.875681536143976
0.294563063697773
0.199098705401165
0.0740415999596218
0.213400892556418
0.463331801397741
0.824968832683716
0.0299740660649626
0.0669319833093319
0.134554609156063
0.165824787920131
0.71862309612109
0.226540422011461
0.643201161532612
0.4306409171884
0.526529346697215
0.0348679259727183
0.0983386995299594
0.221260924150531
0.727551263818068
0.959630431378946
0.748731242203907
0.59030411724866
0.589021533941764
0.290559117205603
0.202903044294869
0.697577744922814
0.527136412282704
0.325086466809422
0.236406064462524
0.0181747579525133
0.91765833525914
0.884476673507284
0.878343130320247
0.212534024358652
0.57962851718168
0.415362472149699
0.487469402339384
0.526298771511332
0.550267525885102
0.215680791222485
0.686220528922997
0.202672236035285
0.170032946497351
0.172770459662979
0.0632626735183703
0.878032621863269
0.135917638630485
0.343340146487126
0.960187011420699
0.185922454157837
0.810959180028353
0.33115629774112
0.0263404732973089
0.743183937300599
0.0224549694213554
0.877233184164077
0.0681049181924469
0.620956530782698
0.619738115557899
0.638458203776084
0.842076821847983
0.980396324541591
0.917806598011536
