-0.0463712510881195
-0.977258393797929
-0.22013769440326
0.601189602651387
0.33919532428128
-1.57248439973003
2.57953796314378
-0.0227998008420349
0.470580164844856
0.952694785292761
1.22192542570726
-0.501218864780225
0.496790361555137
0.0383489081544594
0.912573851147355
0.203704803492871
-0.0358777553834356
-0.571312514531956
-0.954630659760367
0.282713532753274
-0.571595036866207
-0.705023986482001
0.236328892438319
-1.10786138516117
NA
0.609601674427484
-1.70092819483861
1.27553496573044
0.450419496189203
-0.198355013259987
0.865636203047759
0.261366937461483
-1.35092366742668
0.147975887576759
-1.35463033092995
-0.694071225794557
0.622111524903753
1.00315298923783
NA
-1.65561497369953
-1.470452531848
-0.46990748268987
0.184588277292307
0.562690032462086
NA
-0.932098475200775
-1.51577837664842
NA
-0.179277936543458
0.801446672945229
-1.51769412408303
0.953527386381265
-0.0931067294382378
0.518398521800241
-0.301258700091583
1.1821476268675
-0.00249562777767313
1.62962046956778
-0.766181986345597
0.509396789192195
-0.609271132752785
0.0463837387203951
-0.0733711258057912
-0.94215869378806
-1.47615666584707
-0.573534195036645
-1.1842811985711
2.2220840637161
0.268614732971007
-0.0745784721796294
0.123336788948424
0.588622168514646
1.05430475340731
0.0719305022640219
-1.54161689275542
-2.42118719312604
-2.39249786302001
-0.0356573292532563
-1.62351711830978
1.10273080269933
0.585781210565365
-0.227750280925861
0.12555539111527
-0.114833619472479
NA
-0.790302775993384
0.862342319218012
-0.434117239888845
NA
-0.737847151290036
NA
-2.35932075431498
-1.46461938193999
1.04335588354601
-0.368222352717595
1.20649643982177
-1.49102324980749
0.253572737256371
NA
-1.49102324980749
-1.51554162095638
0.575151737905281
2.24730687422625
0.409031318248287
0.0921986428749029
0.417707540277597
0.614330845904535
1.58809078239666
-1.99911223570932
-1.099637218131
-2.01910863185718
-2.09241900521946
1.86179761597506
-0.552676980396069
-2.56588797666795
0.277381955163989
0.106508498671621
1.16801812129962
-1.83186498972457
-1.60176832653139
-0.135744755115738
-0.219928641465248
0.779946671430451
1.04723762108479
0.0522169224133994
-1.12080128623578
NA
NA
0.80057116971695
0.17103820734054
-0.372538962621469
0.810895787208688
0.325260481986144
0.158796865650713
-0.654720030617095
0.264291247180301
-0.675776998574718
NA
1.89957697794117
0.471511168655266
-1.06231009576534
-1.00191839568501
-0.9753585879995
-1.26484042993448
-1.29880155017418
-0.458550523160573
0.66001426203834
1.18906005750242
-1.54430192391377
-1.01786049266606
1.32219465851834
0.313714007166382
-0.670561906058408
-0.188571610169387
1.99602432083508
0.20316672794707
1.26732934177448
-0.0168820813344481
-2.32237140768777
-0.392561206565419
0.211128506963143
-0.86136685440573
-1.60162805692568
0.537600131391285
0.331016563533201
-0.162155824669343
-0.298694351575894
-0.765770686648892
0.843747311020106
0.17900014436198
-1.66653865989015
2.48722147022823
-1.76644006624997
-0.542572803684111
0.994402906578641
-0.799205541389946
0.30251182309382
-0.0855439842580308
-1.45202392018397
-0.0439564008509849
-1.90470425208848
NA
-1.22300715161518
1.51596848358613
-0.178970878516315
-2.07784308136206
1.29481133810233
-0.290559479710836
0.147423609507655
-3.0683896939592
-0.910424604947193
0.62466168370596
-0.0308940607274789
-3.0337312929637
0.0505859677447091
0.267054742073769
1.22265214644898
-1.68864034716803
-0.953596181839695
-0.492316662527851
-0.211412486468417
-1.8028375424313
1.04380929283112
0.313417670927636
-0.494882403513432
-1.62174495448568
1.36755611538683
-1.92646584734239
-0.702876790145529
0.282520652931011
0.715264012741629
-2.10552584113381
-0.581957939817233
-0.134581544000738
1.34702785364613
-0.502252033684792
-1.67105529207859
-2.06117002165045
1.14375658808471
NA
-0.941965739640839
-1.54279224180251
0.377710910807434
1.83881517098119
0.146139885836887
-1.77760821693437
-0.116843677214753
-1.52029259206071
0.204287595824749
0.244157411440268
1.09345827471726
-1.02779323920942
0.932534482710937
-0.442617769114324
-0.442617769114324
0.830948766150294
1.88831589230106
-1.88831589230075
0.229725951235367
-1.88831589230075
-1.88831589230075
-1.50681645180027
0.0199420018223343
-0.536934402750483
-0.0938658227125339
-0.246502572641063
0.591946997805591
-0.482652866039259
0.327944525556119
-0.179154074142561
0.899669051831887
1.09966801943099
-0.393528837664256
-0.0056166449571604
-0.879868703100334
-1.81555770645857
1.85446119392912
2.73500533578215
-2.01473412752851
1.70100891198134
-0.308341574702891
-0.325265291151151
-0.0299612129772174
-0.663668571567185
-0.340663689438502
-0.21350302330204
-0.264963164788428
1.80918619200604
2.59021623713426
0.313796760704802
-1.08245883459003
-1.2382365176449
1.23823651764486
2.89193102376581
-1.82971550359294
-0.598023062200496
1.07588504756283
0.170528306355465
0.93530895800538
0.446212374313597
0.545384977028824
0.717467883283284
NA
-0.208556437394444
-0.490155219862165
0.329607062820594
-2.29456734219743
0.25177291642204
-0.840637168630478
-1.67447009964396
NA
0.156608241683929
1.05039519090275
-1.28757598309341
-1.79396600895446
-1.24748575902028
-0.734514759847299
0.22139367847462
-2.18304877869598
1.84024495381909
1.50130242896574
1.38985327578782
0.360711936183231
1.21234044814262
-0.463797689090939
-0.789390475279838
-0.634212083050031
-2.12159363833239
1.65922953418194
1.22628043899571
-0.348780448044164
-0.0506687469198845
0.320670494482859
-0.539099011615621
0.540961661642222
-1.059165415043
-1.27671167979627
-0.389045395241443
0.633280480013258
0.986023496144367
-1.18690324884735
2.37786803270456
0.103489656127966
-0.145446880838238
-0.15322857505807
-1.24985891897581
-0.5546608982602
0.815866672361952
-0.695382368770475
-0.634566068390406
0.598180609204916
1.24127747600317
0.40446540610978
-1.27736653592042
1.37611321149263
1.36731210455859
1.86574333700488
0.153622764434752
1.49604849664997
-0.949409966052847
-0.0499695827103852
-1.32642990418466
-0.239444913362384
-0.973703668726374
2.23457180487806
0.328007400972234
-2.29701693837001
-0.154637758177626
1.83233861131859
-0.495118644411801
0.496848072675558
0.470436669795072
0.199447471054796
-0.0245969341371051
-0.103302647181467
