0.481529421418002
0.481577478249105
0.485435381593876
0.480903383574002
0.480902883192436
0.481215192389984
0.480889816050906
0.483038325037022
0.48531895713859
0.482408262544078
0.48108759203003
0.481984544906032
0.483256906946909
0.482296701115629
0.480899012697177
0.482691051944418
0.482462088459113
0.480887063726939
0.481002000080443
0.481561615637075
0.480973931508466
0.482769685670824
0.481147310793793
0.48376726563167
NA
0.482326965038377
0.480940890082971
0.485128486001355
0.482320520409096
0.480902446656382
0.482532064650103
0.481244082272107
0.482143592913099
0.484208271162969
0.481070098278508
0.481748399977394
0.484001432461039
0.48097125244694
NA
0.481348770798491
0.480949180050799
0.482777134964586
0.483127216777964
0.48679309309473
NA
0.481025858219226
0.483950861315202
NA
0.480888583805549
0.482806761571324
0.483808998769252
0.48176555527668
0.485775905619102
0.483999129005553
0.480892203190208
0.481225576329213
0.481152570731019
0.482744411672071
0.484479094545322
0.481622714872167
0.481428784073922
0.480926533884818
0.4809591547014
0.482712899049554
0.482697671898969
0.483469810230352
0.484975743076542
0.481428175863003
0.481302880174247
0.488227196712893
0.486502494562214
0.482468069745987
0.485236132026043
0.480937994167023
0.497626130517054
0.496025047611077
0.484977608402464
0.481021643150276
0.481055016135017
0.480972000400182
0.483582984590911
0.481155035235473
0.480946439363329
0.481451468572092
NA
0.481006100877354
0.480922071419117
0.481060838181999
NA
0.481269292000157
NA
0.490931757747021
0.48385715670781
0.483325851555095
0.481592734192924
0.492779704937078
0.486787824687065
0.481296144288825
NA
0.486787824687065
0.484772400628752
0.482713223907808
0.484510103181696
0.480892034926186
0.480953487451233
0.482507513441492
0.481253775717681
0.48225131835953
0.481263619363933
0.489146631308048
0.483044890994817
0.482876905967911
0.482956236203667
0.480887163350122
0.482311965131099
0.481783117579443
0.480887700186251
0.480892177770449
0.481353764260962
0.48089250347073
0.487688464211953
0.480890010315917
0.48604476779582
0.484177171350523
0.481013870997012
0.484554268459068
NA
NA
0.481373096061797
0.480980798396681
0.482902959842156
0.481047170608347
0.482369606087677
0.480932719016585
0.485829588433455
0.481043897431304
0.480887705447085
NA
0.48316291667597
0.481456214672072
0.480892411189601
0.481284583147748
0.482114313079783
0.480948833342508
0.481701701461591
0.481021917417516
0.482134392020992
0.482979017046499
0.481205262791554
0.485250008272361
0.482537936694811
0.482607983067603
0.481215323308171
0.481152141837582
0.481861590361976
0.480981233366719
0.485307889617276
0.483143189064812
0.481453873685541
0.481982691202543
0.484308812475032
0.481015464766678
0.48369576318685
0.481744526871523
0.483135381389372
0.483348577921145
0.485897524263788
0.486331285378086
0.505083134918451
0.481220705630295
0.483871565990689
0.482187624500663
0.480934859124731
0.48145369867461
0.480890613365568
0.480951029061841
0.481192119291654
0.481592642169858
0.480918020230832
0.481686970165082
0.481801769807149
NA
0.481984212741002
0.480984996715024
0.495036542786542
0.486803569169635
0.494981551348973
0.495931030507827
0.487690384719172
0.48427676836001
0.481028517573475
0.486535629846316
0.480970837724166
0.496211708203401
0.486049981163362
0.486604376117353
0.483941381329161
0.494468805292253
0.482902782770513
0.483407131960858
0.480928880173257
0.481187402170953
0.481217733386837
0.483658293875946
0.481450632252148
0.481345938003024
0.483195212110976
0.481739587695085
0.49790965100541
0.481114094485797
0.48582317737284
0.481240843424537
0.484474263788898
0.485192422179119
0.490937348950732
0.480943483324392
0.487037037295965
0.481273042726112
0.48102941147277
NA
0.480989839640761
0.481070698582431
0.480923211540815
0.480976542788803
0.481022146984913
0.482135943089873
0.481667999186443
0.487175554844153
0.483090700765489
0.483089147222645
0.497704664545826
0.498778595521009
0.495771022127935
0.480893159073854
0.480893159073854
0.499097692110843
0.481749035323228
0.481749035323228
0.482025604462145
0.481749035323228
0.481749035323228
0.490625697499435
0.481577229207207
0.482376696978428
0.48147294006478
0.481207316755461
0.489838573881644
0.491159022142365
0.490942656823292
0.48100000088928
0.487086744601117
0.483355980014011
0.480887559211158
0.480946163816931
0.48726898868184
0.486931866513057
0.488431899622005
0.485903072626992
0.489223394805348
0.481691740312759
0.481536480130697
0.481023687146952
0.485374870092989
0.481516199013016
0.482404162148327
0.482758298982214
0.48110419027456
0.4823526530014
0.485507073753338
0.482018061764295
0.499730583273103
0.481414928536946
0.481414928536946
0.502347597636896
0.485578620880469
0.492617388239107
0.481226486684939
0.480932715238102
0.481047695944187
0.481290597929114
0.482238584127584
0.480910953439633
NA
0.486423292763475
0.481085539531726
0.481171184726558
0.482316805166736
0.485064514518997
0.48129284552012
0.482939859378622
NA
0.487075951520259
0.484049994629414
0.489776516201062
0.481318569527705
0.481010167972807
0.480915103827876
0.490703207968903
0.483572122057624
0.480895358717861
0.481010386193523
0.481956319906658
0.488584257623005
0.489908035616696
0.48938626502267
0.481311772996653
0.481002054029233
0.482345026431166
0.481376934758188
0.493016386924064
0.481744248464995
0.481891191940945
0.490728233645448
0.494528095577534
0.488923455647728
0.480891133260763
0.481708209620596
0.480923304662547
0.481925681399957
0.482771128623678
0.481276678634889
0.480985335825792
0.482846420274743
0.482176612095737
0.480925354260353
0.481841875681896
0.481104060557436
0.480894546750692
0.482034437578584
0.48108085132019
0.481127711159745
0.480974837734751
0.480937197060369
0.483888861700989
0.481004644746541
0.48109913300007
0.481272358599086
0.489068759810591
0.480890864103557
0.480895874245342
0.481198304946901
0.486498869092393
0.484083247470704
0.482791980485178
0.480996030139938
0.481424940147929
0.480926418339175
0.481192022581255
0.480897680178563
0.482726630630251
0.485325031243378
0.488549411634391
0.480889279563015
0.483352403216842
0.482946451745003
