SampleID	traittrans1	traittrans2	traittrans3	traittrans4	traittrans5	traittrans6	traittrans7	traittrans8	traittrans9	traittrans10	traittrans11	traittrans12	traittrans13	traittrans14	traittrans15	traittrans16	traittrans17	traittrans18	traittrans19	traittrans20
3316:8042MABXX:2:H8	1.116142611	1.322341234	1.11959752	0.917534761	3.180250783	1.928627297	0.211961262	1.657923431	2.039150675	1.85645406	0.226687134	0.30738086	-2.514541455	0.61999876	1.460149803	0.844574022	1.533197899	0.554156402	0.812787483	1.090458492
3811:8042MABXX:3:B10	1.357150578	1.191190257	1.105133842	1.004092248	3.630626779	2.453043054	-0.970219074	1.482315947	2.181372911	1.867661535	0.260827549	0.328259231	-2.197324582	0.63186601	1.553688735	0.851658043	1.693821185	0.299897012	0.803458489	0.947941738
4226:8042MABXX:3:A12	1.171034526	1.339937106	1.101656936	0.969816627	3.575615969	2.509111009	-1.158043872	1.631797737	2.174665491	1.903763126	0.235202533	0.30971256	-2.482908647	0.62742241	1.520905762	0.827197334	1.527327014	0.66355372	0.80454289	1.154429147
4722:8042MABXX:4:H4	1.494786064	1.141761368	1.091379616	1.104084074	3.234631489	1.691086413	-0.683989243	1.4495892	2.045431096	1.785648835	0.386634226	0.466791674	-0.543004522	0.74356129	1.568439251	0.82987095	1.742189761	0.296247392	0.745784694	0.93315658
A188:8042MABXX:3:D3	1.041813057	1.29059352	1.091869289	1.081736046	3.44658373	2.431327005	-0.536998498	1.563330424	2.141293875	1.867326661	0.320694199	0.409516168	-1.481044698	0.67683529	1.347142783	0.874740877	1.301838792	0.595081417	0.778071738	1.117294441
A214N:8042MABXX:3:E11	1.33503066	1.185212848	1.131871772	0.98549734	3.377435291	2.499198594	-1.018877321	1.522525336	2.128037794	1.840805826	0.256515641	0.339879655	-2.414634597	0.57744801	1.631149899	0.84482101	1.901157675	0.165978929	0.83062426	0.860218976
A239:8042MABXX:2:B2	1.111823754	1.289902275	1.087059959	1.133216705	4.193574017	1.976479032	-0.308565283	1.501064505	2.312210036	1.934632068	0.316299198	0.387992097	-0.609357655	0.83393424	1.412193063	0.859581553	1.38854244	0.61737243	0.680595308	1.124933132
A4415:8042MABXX:3:C4	1.549097944	1.143833852	1.098612484	0.92962989	2.871460374	3.201350376	-1.051251717	1.437298926	2.105242042	1.807244988	0.216336446	0.342095538	-2.803460386	0.23639044	1.728522635	0.77679961	1.899099765	0.157728016	1.004604497	0.835157698
A554:8042MABXX:2:C6	1.168931287	1.2060559	1.102668976	0.986456074	3.444789656	1.337687184	-0.957112726	1.479462911	2.058445353	1.805028006	0.271065306	0.33341101	-0.667479434	0.89151364	1.392040566	0.877755126	1.483267293	0.350631165	0.621787969	0.969720942
A556:8042MABXX:4:C8	1.224129774	1.244743296	1.10854105	1.033677807	3.612432379	2.986555913	-0.112385131	1.562171235	2.266219033	1.910509965	0.265010988	0.354736703	-2.249044326	0.50566321	1.466068797	0.848597139	1.558114964	0.44714486	0.882862528	1.025184681
A6:8042MABXX:3:C5	1.152503612	1.298148878	1.125428948	0.926816075	2.961228248	2.166323583	-0.511659305	1.601799064	1.961571342	1.806465829	0.239253472	0.312004003	-2.737994077	0.55591936	1.475832206	0.844697688	1.537209855	0.484126044	0.840864271	1.040145534
A619:8042MABXX:2:D3	0.911780055	1.381036476	1.085583375	1.19741108	4.696401438	2.611310108	-0.203340924	1.687994187	2.486590224	2.064490837	0.319533156	0.389893836	-1.021373508	0.76842756	1.340184596	0.873451557	1.191880553	0.782155139	0.727937299	1.251340812
A632:8042MABXX:2:F4	1.504336737	1.142992696	1.102367606	0.867945469	2.361727193	2.883290173	-0.737726224	1.42144735	1.880687479	1.715065529	0.204973782	0.318219511	-3.589939506	0.21939856	1.596436708	0.825510663	1.889059452	0.179853275	1.009718322	0.86372522
A634:8042MABXX:4:C1	1.198617842	1.259367853	1.115366173	0.871909995	2.616596618	2.7706202	-1.158043872	1.554297104	1.900776063	1.767705912	0.20363717	0.302589521	-3.278095185	0.33327529	1.528142136	0.845066634	1.672700738	0.364902683	0.944020949	0.983619264
A635:8042MABXX:4:H9	1.240661022	1.217001981	1.145959659	0.830495402	2.353027884	3.094668868	-0.934454703	1.586602227	1.957678928	1.809817254	0.164892081	0.28592769	-4.022954566	0.12089529	1.540333766	0.854423969	1.795549137	0.193834487	1.088264093	0.875077588
A641:8042MABXX:3:G6	1.303531976	1.134833668	1.121920196	1.052396178	3.477737844	2.787207445	-0.779140894	1.473446421	2.181693456	1.855899664	0.289976328	0.382435157	-2.068303797	0.56115081	1.490331316	0.88239735	1.720995683	0.112713696	0.836680187	0.806133966
A654:8042MABXX:2:A12	1.514990068	1.038255415	1.059722748	0.936623658	3.297257378	2.457212643	-0.88116493	1.329338174	2.133644103	1.809116311	0.221048046	0.293489646	-2.977892355	0.52142841	1.428306315	0.916278429	1.692122545	0.042035688	0.853822887	NaN
A659:8042MABXX:2:D11	1.48558803	1.17630649	1.058865868	1.118834237	3.8586167	1.653313853	-0.614705754	1.293212117	2.201116277	1.842180182	0.329438922	0.396774548	-0.27812786	0.86787856	1.533552047	0.816162098	1.633819663	0.451203872	0.656543198	1.039155259
A661:8042MABXX:4:G3	1.201004358	1.363694199	1.09974847	1.035570208	4.353911529	1.457724922	-0.170195377	1.653935813	2.338414666	1.986879139	0.246993906	0.295052184	-0.730641385	0.90364036	1.518905858	0.815202427	1.519388142	0.687699504	0.613506417	1.175080832
A679:8042MABXX:3:B1	1.027936902	1.302405732	1.102166345	1.086172184	2.354113212	1.393578108	-0.318691259	1.599829407	2.036298303	1.82932845	NaN	NaN	-1.09243143	NaN	1.443831885	0.858867005	1.47990693	NaN	0.619323527	1.028195093
A680:8042MABXX:2:C2	0.959411358	1.382818208	1.130267174	1.101664076	3.058851569	2.361711178	-0.255925041	1.744227045	2.062362721	1.914405191	0.352898296	0.450906606	-1.858540503	0.36784225	1.418118889	0.856463436	1.400840702	0.609166488	0.932619129	1.128831163
A682:8042MABXX:2:E5	1.291694476	1.201594446	1.099252045	1.085984292	3.408117634	2.945302301	-0.638848407	1.457057741	2.226014791	1.874932161	0.315406474	0.426066016	-2.102914898	0.43125489	1.452647396	0.851446214	1.553230185	0.35372109	0.897280821	0.978540647
Ab28A:8042MABXX:4:A5	1.290767532	1.310891761	1.100208099	0.941232603	3.570324583	1.057386625	-0.418246442	1.613579076	2.114497965	1.879764537	0.226687134	0.270497335	-0.714983875	0.92064025	1.586486864	0.831064723	1.592806608	0.626922076	0.58007865	1.135632437
B10:8042MABXX:2:G9	1.527633264	1.151102216	1.108395472	0.996943659	3.011506745	2.37609391	-0.570044983	1.498413324	1.989724965	1.773667844	0.286448935	0.376683148	-2.221005106	0.48706441	1.657227009	0.81397184	1.913876502	0.195159038	0.876915789	0.87852631
B103:8042MABXX:2:D5	1.007422458	1.243623525	1.117375906	1.166607149	3.910335713	1.456178239	-0.808558032	1.583909969	2.221925414	1.913201393	0.365777474	0.420943243	0.366447041	0.88887184	1.334555318	0.89903655	1.399060255	0.364590868	0.753835418	0.97861688
B104:8042MABXX:2:B3	1.404768505	1.152453439	1.105716105	0.906777314	2.58837974	2.753436202	-0.762711644	1.473406386	1.958686869	1.743039138	0.23207708	0.348900311	-3.167707538	0.29778849	1.561543911	0.847218306	1.834612266	0.191016616	0.962729851	0.874175244
B105:8042MABXX:3:H3	1.181033517	1.304437332	1.11170808	0.984958785	2.906076976	2.457119177	-0.773706688	1.585047117	2.022731139	1.820672575	0.275350458	0.364521232	-2.650725134	0.399424	1.502105336	0.835992228	1.55677105	0.524479818	0.916284087	1.074260811
B109:8042MABXX:2:D1	0.91455158	1.442623067	1.069376009	1.132246995	3.646273343	1.699603096	-0.266312047	1.767967352	2.148958735	1.966289288	0.358624074	0.426942398	-0.449260268	0.81703521	1.397480426	0.848935295	1.131707723	0.897737412	0.692471046	1.378250652
B115:8042MABXX:3:F4	1.211286638	1.222609743	1.106052228	0.967100573	2.966546876	2.699405537	-0.704005924	1.530984334	2.044069602	1.816248778	0.257388786	0.352702476	-2.733368009	0.41100921	1.449050068	0.863728128	1.557666004	0.385423031	0.908051952	0.991045495
B14A:8042MABXX:3:E6	1.480692018	1.221980797	1.103200567	0.879514512	2.92555629	2.63482071	-0.860619535	1.47503119	2.045345395	1.798067583	0.199526232	0.301117036	-3.405205403	0.35664784	1.616659709	0.8005884	1.907435823	0.335999852	0.9326414	0.967594097
B164:8042MABXX:4:B7	1.253446291	1.266084002	1.078508561	1.01391441	3.569310027	1.974750459	-0.642644198	1.520702975	2.133149778	1.856007462	0.278766557	0.342461612	-1.467504417	0.71250481	1.460794604	0.834772605	1.437203759	0.633149667	0.765374341	1.142385994
B2:8042MABXX:4:E8	1.480692018	1.15235859	1.100394344	1.171564529	4.399981353	1.821160696	-0.22589734	1.475475121	2.370284117	1.957523068	0.330262571	0.388537669	-0.303405033	0.86936976	1.601679987	0.833038337	1.879412278	0.2246019	0.651553642	0.900764792
B37:8042MABXX:3:B11	1.240078347	1.238584211	1.11232723	0.933308129	2.970569435	NaN	-0.493640799	1.438696743	2.172226767	1.861801774	0.200222316	0.298120595	-3.835061964	0.19775809	1.496090964	0.854523211	1.633174012	0.363448137	1.023198916	0.976912558
B46:8042MABXX:4:C11	1.335938382	1.214280207	1.121892092	0.899291741	2.304025294	2.5123586	0.352907857	1.511625662	1.801257957	1.712212456	0.260402303	0.382152326	-2.911391125	0.31674384	1.583316956	0.83703235	1.796886275	0.274113451	0.953143821	0.929470983
B52:8042MABXX:3:H5	1.405692493	1.263210039	1.085415058	0.953654922	3.252464451	2.522323427	-0.317042228	1.508227676	2.080654658	1.817367952	0.245576893	0.322911561	-2.596956154	0.47955625	1.541496727	0.806037486	1.671157414	0.51718417	0.879359189	1.072197872
B57:8042MABXX:3:E9	1.192083568	1.315791273	1.093891917	1.054284548	4.079000428	2.923290507	0.0660686	1.590784555	2.353797043	1.973050965	0.256515641	0.341360636	-2.206366235	0.64529089	1.486362158	0.831897898	1.481122129	0.64734045	0.795735024	1.146436195
B64:8042MABXX:3:D4	1.348207476	1.246512158	1.133601596	1.048113108	3.756211255	2.746568332	-0.941095851	1.587094233	2.240925234	1.923914951	0.271460075	0.356077878	-2.140466244	0.58140625	1.594730185	0.822749389	1.810693718	0.282446496	0.82967666	0.938284661
B68:8042MABXX:4:H7	1.365811776	1.288658753	1.120195935	0.969495115	3.549251709	3.058698561	-0.959459227	1.615361767	2.213010125	1.918469169	0.226687134	0.30596179	-2.945039159	0.46689889	1.603470592	0.808092276	1.813554993	0.449118327	0.883166108	1.03538247
B73:8042MABXX:4:A3	0.984397732	1.392035959	1.136749412	1.161931553	3.400584411	2.41015011	-0.114737677	1.746734879	2.138549914	1.955002696	0.363498434	0.463751353	-1.248273063	0.65205625	1.432929896	0.850480388	1.437445869	0.603593274	0.793360691	1.11475402
B73Htrhm:8042MABXX:2:E1	1.008492134	1.384909093	1.126835614	1.107772062	3.597839074	2.4967873	-0.33785319	1.735132061	2.19042466	1.950429639	0.381250121	0.46465039	-0.894040123	0.682276	1.438267302	0.852078722	1.455217545	0.618683251	0.779740409	1.130358341
B75:8042MABXX:4:D3	1.348808817	1.161085748	1.075865786	0.958872875	3.038232825	2.164541075	-0.138113302	1.411573745	2.005225127	1.762116585	0.268271522	0.345357867	-2.3227878	0.56355049	1.47367924	0.856935712	1.597651673	0.385423031	0.837870246	0.991143536
B76:8042MABXX:2:B10	1.132413773	1.212708213	1.103711234	0.866364319	2.593463135	3.424433183	-1.041287222	1.496822275	2.070422893	1.812039558	0.180414501	0.292437072	-3.942482213	0.09253764	1.369469212	0.880919572	1.435757632	0.39706589	NaN	0.995098418
B77:8042MABXX:2:F10	1.234623455	1.220239768	1.089131767	1.001523409	3.428440041	2.184772366	0.342738278	1.452577814	2.109207119	1.827185569	0.273418117	0.33649124	-1.936554054	0.66536649	1.456345465	0.856558288	1.533993884	0.477761203	0.789978869	1.040003623
B79:8042MABXX:4:A6	1.240078347	1.214720297	1.079676338	0.906960028	2.799697296	2.71677338	-0.142139767	1.465762749	1.995571683	1.777177611	0.206948862	0.282539072	-3.641995868	0.27342441	1.423841723	0.862248575	1.426621033	0.546639929	0.974220809	1.085674293
B84:8042MABXX:2:A10	1.400957357	1.122952448	1.120588081	1.058200827	3.947544744	2.677254042	-0.73334437	1.50172879	2.307943554	1.932558203	0.26907525	0.355073106	-2.191938573	0.53114944	1.5670332	0.860719153	1.899099765	0.098990663	0.855284928	0.792256715
B97:8042MABXX:2:B7	0.936990385	1.342398019	1.088018222	0.902757406	2.723887773	2.435510365	-0.326700139	1.616288446	1.949900921	1.806958538	0.228871439	0.325405211	-3.074775481	0.25735329	1.366641902	0.87144711	1.289915257	0.67803877	0.994422624	1.177528974
C103:8042MABXX:2:C12	1.257677297	1.209711918	1.077425467	0.978650639	3.007780045	2.259681328	0.276191306	1.440527124	1.999463462	1.771198787	0.275350458	0.356077878	-2.249992643	0.543169	1.429829315	0.861997226	1.466457163	0.523566414	0.847445584	1.063322437
C123:8042MABXX:3:G8	1.225412436	1.146116544	1.092585839	0.923718009	2.607907179	2.563359973	-0.058582957	1.430096933	1.927821108	1.723189643	0.256952902	0.371022134	-2.843869924	0.30658369	1.406955658	0.889387314	1.551482684	0.2195753	0.959006034	0.89371771
C49A:8042MABXX:4:A1	1.11645221	1.331410549	1.129004264	0.999203203	3.444789656	1.657314395	-0.32075638	1.651203667	2.092459345	1.875442264	0.268271522	0.340251312	-1.554476354	0.76720081	1.503873579	0.838901195	1.638394793	0.460895786	0.733614469	1.043326462
CH70130:8042MABXX:2:E2	1.157008495	1.354504447	1.103441441	1.078283714	3.588916563	2.716380301	-0.007729798	1.649862204	2.239717649	1.943750753	0.293084222	0.387444729	-2.284745175	0.44662489	1.512126073	0.823556428	1.567779272	0.615943266	0.893805334	1.138726978
CH9:8042MABXX:4:H10	1.520613976	1.130489471	1.07528964	0.972542948	3.666958044	1.338539959	-1.40853997	1.355029225	2.140947483	1.803771921	0.246050916	0.30596179	-0.960765222	0.86787856	1.557561859	0.831064723	1.745386153	0.22139974	0.654573176	0.895506023
CI7:8042MABXX:2:E8	1.026620627	1.230938041	1.117675602	0.853307804	2.654118027	2.931906673	-0.097502581	1.511836244	2.031728458	1.814433726	0.181252814	0.280808598	-3.696911626	0.25492401	1.326909343	0.898121158	1.386510095	0.322034988	0.986553278	0.959723827
CI1872:8042MABXX:3:B4	0.939872563	1.34810843	1.103731169	1.148346437	3.244044921	2.207973083	-0.828508818	1.653921081	2.075587703	1.882810679	0.399902975	0.489124342	-0.910060182	0.66015625	1.308041619	0.885471782	1.205477256	0.659551259	0.790035909	1.156747327
CI21E:8042MABXX:3:H2	1.331547827	1.188501947	1.114058423	1.073627725	3.473216474	2.828516035	-0.72216413	1.479560689	2.197353623	1.875535775	0.296801531	0.387718639	-2.281802554	0.46063369	1.54504463	0.846866834	1.754135749	0.191368265	0.887885947	0.882019012
CI28A:8042MABXX:2:C4	1.251439285	1.214339433	1.081256298	1.033677807	3.368864575	1.949015094	-1.033105486	1.492715427	2.085247672	1.821395372	0.301735327	0.380158689	-1.445195469	0.71707024	1.432407976	0.856177678	1.490807904	0.492196942	0.811372468	1.051014138
CI31A:8042MABXX:4:A12	1.230694582	1.286276877	1.090494678	1.021598028	3.463722779	1.752104906	-0.966794864	1.542919728	2.107968766	1.855706081	0.290324708	0.361972027	-1.332185035	0.76597504	1.496090964	0.835690479	1.551482684	0.597560803	0.731338168	1.117610734
CI3A:8042MABXX:2:H4	1.154482251	1.370456099	1.116969031	0.998205906	3.510031327	2.291677004	-0.450044152	1.680413186	2.127330273	1.905663759	0.261251512	0.367650363	-1.930332119	0.68425984	1.528142136	0.820449148	1.569198009	0.616300476	0.823046547	1.124785254
CI64:8042MABXX:4:B1	1.099582855	1.314487874	1.105114383	0.954886962	2.027123742	1.841817434	-0.430167721	1.617778454	1.6744428	1.735893332	0.349723436	0.408307553	-2.183025858	0.37884025	1.431370371	0.851233379	1.404657353	0.639753867	0.920487972	1.141887365
CI66:8042MABXX:2:G8	1.460858675	1.198064685	1.119962293	1.008163751	2.789696327	2.24025578	-1.410996974	1.477586657	1.96306044	1.76000395	0.315107854	0.420490858	-2.007679175	0.47623801	1.637822188	0.815444364	1.87380098	0.262308756	0.877703134	0.914347125
CI90C:8042MABXX:4:E3	1.3825058	1.182730179	1.113833196	1.144571464	3.660740201	2.772925913	-1.33484108	1.495923656	2.2185228	1.88649224	0.345237076	0.435692679	-1.46793835	0.588289	1.584893193	0.838476897	1.814998718	0.211233633	0.825868003	0.900120339
CI91B:8042MABXX:4:A10	1.378216947	1.211894893	1.099651499	1.077154984	4.622099802	1.295862161	-0.300024596	1.498238868	2.414950261	1.988074351	0.258256464	0.327043192	-0.019896632	0.93431556	1.552420928	0.831897898	1.701630744	0.39366962	0.564109485	1.002605835
CM105:8042MABXX:2:E10	1.14268295	1.263425992	1.105076942	0.940427265	1.888055751	1.828575995	-0.496922719	1.556135748	1.701029153	1.711756308	0.394261449	NaN	-1.95828642	0.20043529	1.439361463	0.860372157	1.508923144	0.476535418	1.021305424	1.045018828
CM174:8042MABXX:2:G1	1.016551099	1.33064563	1.103141741	1.012102127	2.088350219	1.824054307	-0.393190747	1.618315234	1.753178868	1.749451411	0.407449903	NaN	-1.832581464	0.20529961	1.428306315	0.855406673	1.446885155	0.563792899	1.020558465	1.104918358
CM37:8042MABXX:4:H6	1.04356073	1.292983514	1.134612102	1.082263882	4.074189071	2.61772519	-0.901402119	1.643816962	2.329169592	1.976187752	0.279141352	0.351675013	-1.937941979	0.60388441	1.432407976	0.866928723	1.519017906	0.430244964	0.820123057	1.011730066
CM7:8042MABXX:3:H6	0.941340753	1.236455608	1.114312213	0.94680429	1.986517289	2.283120848	-0.275621758	1.515403767	1.734690367	1.693363167	0.315107854	0.477842429	-2.512072318	0.29953729	1.277168536	NaN	1.310201038	0.348472407	0.958929956	0.954032742
CML103:8042MABXX:3:E2	1.223927983	1.286323557	1.111460857	0.84508941	2.937036441	2.641169017	-0.69615169	1.59705134	2.050607048	1.834811306	0.173430781	0.248131197	-3.705008836	0.35153041	1.516934505	0.833518157	1.611150092	0.480326844	0.936449662	1.045756651
CML108:8042MABXX:4:D4	1.194392706	1.2377508	1.085506642	0.859127733	2.139691387	2.102561133	-0.808558032	1.458098815	1.723893052	1.651850269	0.195976168	0.30971256	-2.907721396	0.21520321	1.431370371	0.858323583	1.501001495	0.464986692	1.019405281	1.035598047
CML11:8042MABXX:3:F1	1.035042579	1.334146319	NaN	0.883075096	2.644357206	2.567127687	-0.792525625	1.605664894	1.966146956	1.845367087	0.215128322	0.312004003	-3.017977883	0.38850289	1.401104694	0.858776888	1.417912097	0.519461213	0.915098079	1.069410132
CML154Q:8042MABXX:4:H8	1.32626068	1.249646212	1.090018369	0.857236488	2.83177745	2.70871609	-0.440677864	1.475800962	2.010239612	1.792648886	0.185340255	0.283110437	-3.526760605	0.35688676	1.539180385	0.828821089	1.623101661	0.521626803	0.933441152	1.063900051
CML157Q:8042MABXX:2:H11	1.313777498	1.1749193	1.068771656	0.953811872	3.290970208	2.260834911	-0.080884729	1.337315725	2.082771861	1.792866787	0.241232022	0.305485337	-2.378386806	0.64112049	1.452040988	0.865395533	1.55499289	0.435786922	0.797584384	1.014917569
CML218:8042MABXX:4:D2	NaN	1.405875082	1.118074037	0.880196091	2.633642694	3.307323068	-0.787238104	1.765378372	2.078275858	1.932058593	0.197410436	0.319944321	-3.641995868	0.18335524	NaN	0.920438443	NaN	0.696534989	1.032755437	1.186779845
CML220:8042MABXX:2:A9	1.423309172	1.143985922	1.110035018	0.940703216	3.246274447	3.622871812	0.183986836	1.469154417	2.207582616	1.872332448	0.210164954	0.310174014	-3.47054746	0.26759929	1.560204096	0.849270911	1.777591387	0.177262257	0.981575272	0.853030541
CML238:8042MABXX:2:H9	0.999840077	1.324439105	1.073315648	0.889816146	2.448509953	1.947838507	0.308072762	1.592186786	1.854489419	1.775703567	0.262515796	0.366718156	-2.446455463	0.5041	1.342971732	0.872527025	1.194260923	0.777977974	0.861065717	1.249014355
CML247:8042MABXX:4:F11	1.193177066	1.226530611	1.076928675	0.956920558	2.792058543	1.968711464	-0.601479992	1.46386583	1.905966204	1.73712162	0.294784703	0.381300887	-1.926892143	0.60871204	1.402749202	0.862081164	1.404860451	0.570552317	0.815719125	1.091423239
CML254:8042MABXX:3:H11	1.00497335	1.359309397	1.106988251	1.158174145	4.623571353	2.687206626	-0.873710284	1.685237532	2.459575616	2.040868112	0.303987329	0.377559046	-1.221118963	0.75533481	1.398677077	0.858776888	1.351867976	0.683048146	0.736786359	1.155197918
CML277:8042MABXX:2:F6	NaN	1.406032079	1.09767884	1.115818392	3.491998856	1.028545949	-1.299016353	1.755626929	2.104076981	1.93604543	0.38229649	0.450135384	NaN	0.92313664	NaN	0.911464142	NaN	0.777977974	0.572232217	1.237395415
CML287:8042MABXX:2:E3	1.411472288	1.19878637	1.128236968	0.927805272	2.743364829	2.577540618	-0.722781986	1.540186268	1.9862176	1.813738218	0.24269639	0.343916853	-3.208925494	0.25532809	1.673621324	0.840963636	1.842606767	0.206107745	0.987667233	0.891234476
CML311:8042MABXX:2:F12	1.489270098	1.106469854	1.069745252	1.092089661	3.217341384	2.769014905	-1.185478222	1.276762077	2.113899349	1.793090021	0.335126242	0.441642797	-1.717023123	0.52157284	1.517916661	0.853520791	1.711564542	0.235763247	0.855212162	0.8949026
CML314:8042MABXX:3:G1	1.200225612	1.268374115	1.114281509	0.923976483	2.451432618	2.336077511	-1.321255965	1.55668727	1.864347179	1.758812269	0.273806613	0.388265107	-2.734907655	0.36288576	1.458233988	0.8469843	1.572547133	0.413086018	0.929879194	1.008745964
CML322:8042MABXX:4:D7	1.205311753	1.244460012	1.076649149	0.973645891	2.989465461	1.452094998	-0.559315833	1.507292178	1.939122536	1.762009447	0.290672313	0.382152326	-1.200312843	0.80478841	1.419525997	0.856082021	1.392297047	0.636149374	0.703293803	1.142011866
CML323:8042MABXX:2:H6	0.79261014	1.332456558	1.073192975	1.114767649	3.811290764	0.994739262	NaN	1.623560935	2.192547349	1.914089116	0.325543672	0.383280737	0.154779054	0.91853056	NaN	0.916014409	NaN	0.751031284	0.594460756	1.229016393
CML332:8042MABXX:2:D10	0.912286517	1.283753291	1.095638197	0.944477711	2.399757573	2.031813431	-0.867738691	1.577141267	1.792893351	1.766053184	0.310870795	0.416830203	-2.058854908	0.41319184	1.272118361	0.904825622	1.21796301	0.576864292	0.917461459	1.100443903
CML333:8042MABXX:2:D9	1.378216947	1.206984345	1.055380925	0.970208768	3.007743821	2.123385229	-0.555648667	1.358058862	2.000042498	1.755180425	0.273028592	0.361005187	-2.058854908	0.61293241	1.496090964	0.831064723	1.510334017	0.602172456	0.811764214	1.117821978
CML38:8042MABXX:4:C7	1.058913409	1.347650806	1.122800906	NaN	3.789855844	2.473323155	-0.491840324	1.672237837	2.253888854	1.956542879	0.405025744	0.497394965	-0.725670372	0.660969	1.439361463	0.852908426	1.475416922	0.57020218	0.788948132	1.095288613
CML52:8042MABXX:2:C9	0.966702823	1.405481664	1.09062757	0.978124349	2.846720127	1.809993138	-0.157004749	1.719992014	1.927516936	1.863135792	0.289277227	0.368577088	-1.726533684	0.67190809	1.414894183	0.854124921	1.232628622	0.79777548	0.783317889	1.254637493
CML77:8042MABXX:3:D11	1.001648118	1.31054669	1.124822136	0.932217737	2.912930199	2.172207799	0.162288903	1.629263931	1.967297918	1.824208755	0.24839598	0.331056498	-2.547207676	0.51308569	1.382167717	0.874804405	1.376156912	0.548256611	0.861868871	1.0682109
CML91:8042MABXX:2:E12	1.226226709	1.288788282	1.113581853	1.047098921	3.719566538	3.834244207	-1.03423003	1.571717734	2.359973254	1.975066882	0.253862514	0.357737945	-2.89498237	0.31539456	1.510248797	0.831566529	1.651329708	0.48961498	0.956361344	1.052205478
CML92:8042MABXX:2:F3	0.961309892	1.32037539	1.133295727	0.934325235	2.965719767	2.530749822	-0.481428647	1.668206946	2.041021146	1.867362385	0.233649512	0.330262911	-3.079113882	0.39025009	1.368835344	0.876180291	1.405471098	0.478207145	0.917485896	1.045714382
CMV3:8042MABXX:4:A9	1.172952226	1.243031993	1.104849535	0.966519396	2.916846615	1.788547064	-0.348565061	1.525183106	1.934661884	1.759389755	0.285015133	0.344278427	-1.876011022	0.67026969	1.431370371	0.868045721	1.533197899	0.455052213	0.78551503	1.01439769
CO106:8042MABXX:2:A6	1.372798728	1.122019247	1.086896966	0.909829836	2.802214308	2.039223624	-0.705017353	1.38845121	1.910365184	1.705360144	0.241232022	0.325405211	-2.656406968	0.46621584	1.478020284	0.885923417	1.67818993	0.208981419	0.884855323	0.865977124
CO125:8042MABXX:2:G7	1.552435948	1.169906782	1.106970852	1.056791212	4.312889077	2.971815062	-0.163813885	1.475814185	2.412189638	1.98033839	0.250700633	0.347493436	-2.048718369	0.67338436	1.741379948	0.764078345	1.905325429	0.226896436	0.82551274	0.891011334
CO255:8042MABXX:4:A11	1.086785588	1.266509239	1.073191669	1.167700441	3.486682595	2.05598802	-0.08349031	1.50666227	2.146593991	1.8563383	0.384166663	0.463029185	-0.917541514	0.67125249	1.353120186	0.872527025	1.262597937	0.68231447	0.786571442	1.17292573
D940Y:8042MABXX:3:D12	1.581429256	1.143334619	1.061065007	0.916234843	2.589277101	1.107396645	-1.163470861	1.340657793	1.812361806	1.648859531	0.252966597	0.313360236	-1.366099654	0.83083225	1.574206213	0.829349176	1.787682957	0.401321838	0.680595308	1.005061798
DE1:8042MABXX:3:F8	1.189008211	1.247253404	1.096302642	1.098765485	4.049818716	1.380428378	-0.662811981	1.535078771	2.269656432	1.926063908	0.309640308	0.364521232	-0.173163619	0.89775625	1.439361463	0.856558288	1.497654721	0.481108397	0.620450608	1.047522461
DE811:8042MABXX:4:G1	1.232860204	1.272908398	1.130901754	1.17574763	3.812416412	3.18100898	-1.007857925	1.618662082	2.301127178	1.960147664	0.349230222	0.452630691	-1.596028226	0.52780225	1.528142136	0.837470705	1.67818993	0.355681672	0.852457752	0.976149869
DE2:8042MABXX:2:A1	1.302748427	1.235717847	1.108267261	1.105253116	4.46590887	1.568736359	-0.822117562	1.49481451	2.385438521	1.958745486	0.280260166	0.338758957	-0.371788582	0.89718784	1.535776236	0.834149861	1.706994158	0.346112025	0.619775754	0.974330476
DE3:8042MABXX:2:H2	1.255394461	1.19447716	1.137306403	0.99905246	3.039476665	3.026349089	-0.278524135	1.569704347	2.070441396	1.840591251	0.273028592	0.371929407	-2.579656986	0.43243776	1.504766353	0.863321951	1.710642941	0.192336161	0.895860627	0.869726595
E2558W:8042MABXX:4:E10	NaN	1.451415399	NaN	1.139583245	3.18652225	3.003710285	-0.91030866	NaN	2.120914885	2.015529586	0.378929142	0.501787818	-1.551640814	0.44368921	1.24518414	0.915321112	1.184510726	0.537655421	0.891636735	1.086408615
EP1:8042MABXX:2:F11	1.211666015	1.167281448	1.066828002	0.961009758	2.280152664	2.02526487	-0.292359662	1.305453075	1.829734387	1.655592378	0.3337884	0.478345981	-2.101278236	0.27899524	1.343485395	0.894271085	1.405267323	0.382473789	0.981325087	0.988810864
F2834T:8042MABXX:3:C6	1.145961155	1.380070903	1.08136838	0.911207617	3.170309659	2.616478085	0.235625329	1.657737869	2.088665803	1.890184369	0.210164954	0.299127202	-3.134994341	0.45360225	1.523960914	0.819361677	1.427537788	0.772796252	0.889087802	1.252938581
F44:8042MABXX:4:C4	1.588082138	1.079276212	1.081929979	0.968202989	2.217775516	3.056409169	-0.195893237	1.34579459	1.966796959	1.726521852	0.272638033	0.451098931	-3.085656981	0.10099684	1.607119145	0.830896167	1.844238119	0.111718303	NaN	0.799644503
F6:8042MABXX:2:D6	1.024618722	1.259290025	1.074241409	1.050783193	3.034482254	1.179708621	-1.241328591	1.475375799	1.941191801	1.745824662	0.362118173	0.430835104	NaN	0.89832484	1.307276904	0.885773357	1.219947852	0.653861643	0.6071055	1.144439551
F7:8042MABXX:2:E11	1.304712625	1.261746991	1.058251978	1.096633914	3.944503726	2.592784057	-0.386398045	1.466777905	2.257988373	1.905886567	0.300107439	0.376390123	-1.46967597	0.708964	1.487935875	0.830215368	1.442852849	0.707126678	0.765783256	1.189592844
GA209:8042MABXX:3:G2	1.080821714	1.276134577	1.122415991	1.096571649	3.33378465	1.898557145	-0.823028101	1.618877426	2.082530543	1.862126823	0.356971641	0.426504732	-0.971539206	0.72335025	1.410863513	0.867527854	1.484503868	0.431764454	0.809844238	1.015828068
GT112:8042MABXX:3:G7	1.105656481	1.269792296	1.115114389	1.017932983	2.916348007	2.354819015	-1.475781528	1.574234153	1.988630211	1.795265285	0.317187268	0.405618808	-1.937941979	0.52388644	1.399078477	0.865860929	1.45762857	0.464322666	0.852420684	1.028977053
H105W:8042MABXX:3:C3	1.338914285	1.178923877	1.139039313	0.958167285	3.252476198	3.160335304	-1.009503114	1.536795042	2.17998967	1.884165818	0.229411505	0.331451632	-3.061872076	0.37785609	1.552420928	0.851019527	1.857702299	0.137670909	0.921778172	0.829569983
H49:8042MABXX:3:A5	0.89748192	1.394186332	1.11445082	1.100412166	4.238708941	1.186979865	-1.143505058	1.7159813	2.293015697	1.995213228	0.294106701	0.352018279	0.238229189	0.92794689	1.360876553	0.870201013	1.286776285	0.669751666	0.571876903	1.170399101
H84:8042MABXX:4:E6	1.388017344	1.186005698	1.090305402	0.874529416	2.670542561	2.482623993	-0.965218405	1.400673225	1.976136015	1.753160659	0.197410436	0.286483431	-3.561366134	0.28451556	1.520905762	0.835841612	1.673476514	0.347035158	0.972665848	0.973363359
H91:8042MABXX:2:C8	1.328668298	1.253389931	1.127145611	0.978396183	3.331846164	2.430609376	-1.055265484	1.577288719	2.137267057	1.871364203	0.249322591	0.331451632	-2.642262461	0.53890281	1.577179306	0.822134085	1.833044887	0.359818375	0.848095657	0.978794934
H95:8042MABXX:2:D12	1.223189787	1.293176447	1.099616945	0.972015236	3.227508093	2.36491502	-1.324634981	1.54480049	2.086570346	1.844521788	0.260827549	0.352702476	-2.444148657	0.43612816	1.497782435	0.831897898	1.570149328	0.576864292	0.899455894	1.099292475
H99:8042MABXX:3:A6	1.314292301	1.138171912	1.083604056	1.062941011	4.003856099	2.687624279	-0.787238104	1.360023406	2.304581963	1.898243607	0.268673944	0.341728548	-1.994365369	0.63584676	1.487146727	0.874867845	1.706091224	0.198791367	0.804130761	0.8806635
Hi27:8042MABXX:3:F2	1.28197797	1.210554619	1.101687913	0.848552838	2.206125286	2.294441705	-1.316395234	1.457521158	1.706259455	1.644851459	0.195976168	0.287036668	-3.216378945	0.39262756	1.480244585	0.850912217	1.591745089	0.389857878	0.912775092	0.984069395
HP301:8042MABXX:4:C9	1.424142004	1.187558077	1.061155728	0.986229056	3.238200053	1.05870976	-1.141311043	1.388824638	2.021848643	1.761413766	0.287160865	0.356077878	-0.111937653	0.90611361	1.52191667	0.842417249	1.559920785	0.546870808	0.602703781	1.088807373
Hy:8042MABXX:3:D5	1.310207398	1.07491487	1.101247123	1.032992708	3.268624532	2.972392753	-0.265790126	1.417957501	2.155877327	1.840052299	0.276497877	0.378140355	-2.694147296	0.31787044	1.462748002	0.872259419	1.754135749	0.062006719	0.956245413	NaN
I29:8042MABXX:2:G10	1.276024797	1.194816124	1.055940105	1.017810877	3.107935183	1.480458298	-0.827135821	1.421279633	1.986855863	1.767201427	0.324131319	0.39703368	-0.953214086	0.776161	1.397084034	0.857123246	1.346943626	0.636389509	0.72481618	1.140401419
I137TN:8042MABXX:2:H10	1.222654591	1.2532143	1.074711385	0.963916246	3.337170105	1.19126766	-1.276543497	1.479046949	2.00608906	1.780781399	0.256952902	0.316472608	-0.753534331	0.88811776	1.438813239	0.847798006	1.44435487	0.591072848	0.631332123	1.116838781
I205:8042MABXX:4:C3	1.298105653	1.19598974	1.093835545	0.998644807	3.4787438	1.267103526	-0.30870144	1.463548897	2.080557537	1.816457233	0.268673944	0.33341101	-0.529498889	0.89208025	1.475110702	0.85949285	1.582428418	0.374707748	0.61909671	0.989514552
IDS28:8042MABXX:2:B11	1.451141616	1.089109782	1.089682975	1.077361601	3.677721491	1.974462143	-0.372223774	1.413592594	2.168100614	1.832815029	0.306208767	0.372831544	-1.112305616	0.76615009	1.539180385	0.881909967	1.80368872	0.119511324	0.73396114	0.809430222
IDS69:8042MABXX:4:F3	1.445785341	1.143112774	1.053971649	1.081351246	3.078682119	1.151580143	-1.040437725	1.341604462	1.98032155	1.730008822	0.39148348	0.46084676	0.328152005	0.872356	1.504766353	0.841630288	1.611150092	0.442330335	0.647576174	1.030007987
IDS91:8042MABXX:3:H7	1.54937447	1.150358868	1.066475835	1.081428268	2.978787203	1.216849927	-0.803631914	1.372217862	1.903915809	1.715942611	0.398361485	0.466080461	NaN	0.885481	1.564262071	0.806930309	1.659189857	0.469974719	0.636494662	1.044850742
K148:8042MABXX:4:B8	1.260787043	1.248341595	1.102461707	1.006624378	2.997368668	2.362328231	-0.258900271	1.559183963	2.008964281	1.813527984	0.285015133	0.382435157	-2.353878387	0.37271025	1.501229726	0.843824713	1.67038983	0.420617954	0.932418555	1.017017734
K4:8042MABXX:4:D5	1.338338903	1.24012654	1.101337467	1.165835231	3.757110131	2.300517988	-0.139721943	1.519713648	2.2462571	1.908737788	0.363956365	0.447607376	-1.075286463	0.65966884	1.52708496	0.827197334	1.604292062	0.475421777	0.791397924	1.038833464
K55:8042MABXX:2:B9	1.224129774	1.262303568	1.106252973	1.067346751	3.969933756	1.791086228	-0.930643238	1.575838022	2.269992475	1.924079721	0.284654582	0.369191897	-1.202640359	0.81144064	1.480244585	0.841497758	1.560374756	0.48961498	0.782838208	1.049159611
K64:8042MABXX:4:G9	0.99460832	1.458573852	1.105300479	0.970101909	2.725057609	2.154786205	-0.101368494	1.7945555	1.916790856	1.912066445	0.289976328	0.380730788	-2.236797352	0.48930025	1.496090964	0.830215368	1.381795316	0.810533717	0.870336447	1.272478229
Ki14:8042MABXX:2:G3	1.154482251	1.275639043	1.111008604	0.869543588	2.601459878	2.42380779	-0.661842331	1.597646688	1.923178289	1.791080187	0.187714469	0.256339264	-2.907721396	0.33953929	1.447287569	0.851446214	1.511043261	0.494669935	0.950424735	1.052471631
Ki21:8042MABXX:3:D9	0.976198599	1.303832492	1.08906657	1.078234777	3.15421108	2.455269543	0.431067876	1.577212734	2.060479888	1.851775909	0.354586086	0.450714089	-1.419230861	0.60093504	1.304266347	0.883881757	1.184017054	0.66817038	0.818918324	1.154384047
Ki3:8042MABXX:4:E11	1.045587279	1.301904048	1.083406879	1.022948475	3.646330346	2.780317725	-0.635633274	1.569856966	2.248906116	1.929769786	0.322707444	0.429977148	-1.340938659	0.65496649	1.336483899	0.867676416	1.367356504	0.719122655	0.785279175	1.184510726
Ki44:8042MABXX:4:B4	0.85474359	1.426472814	1.118254908	1.017851588	2.623838912	2.00951841	-0.766363243	1.796259142	1.868362584	1.889016832	0.364641261	0.470484701	-1.515947569	0.51308569	1.355651822	0.86833903	1.24136012	0.725699198	0.879762705	1.200467134
Ky21:8042MABXX:3:D1	1.203906244	1.340920646	1.12018957	1.005653636	3.517189595	2.06669237	-1.042704657	1.657154762	2.134360641	1.911187512	0.268271522	0.337251103	-1.89578754	0.71791729	1.560204096	0.822134085	1.611150092	0.582959462	0.765237761	1.110873524
KY226:8042MABXX:4:B9	1.546348862	1.109470295	1.111649886	0.887443932	2.783000562	1.81974389	-1.415929166	1.403789514	1.935749926	1.710517675	0.210797304	0.257767375	-3.11002142	0.51782416	1.633340865	0.828821089	1.972361137	0.090998262	0.858914811	0.781891959
KY228:8042MABXX:4:G10	0.964063996	1.453375861	1.118992966	1.034298399	3.711042531	1.351922352	-0.4405225	1.802217453	2.154435727	1.981272782	0.283203826	0.33649124	-0.497909398	0.89094721	1.456971986	0.836589589	1.372210948	0.759944217	0.626980454	1.235411046
Ki43:8042MABXX:4:F9	1.356028655	1.059937971	1.064828289	1.04366964	3.223957312	2.929115974	-0.121376986	1.327598257	2.14805204	1.820233281	0.294446065	0.404134519	-2.447610865	0.34527376	1.39827694	NaN	1.618841179	0.124204593	0.940575911	NaN
L317:8042MABXX:2:H3	1.143620235	1.160295875	1.125875808	0.991109103	3.263822448	2.99669041	-0.909811766	1.525472384	2.130788659	1.843469565	0.254752597	0.34355439	-2.772588722	0.42354064	1.398677077	0.904825622	1.586001902	0.135817221	0.901493614	0.826467535
L578:8042MABXX:3:A7	0.92596728	1.280465269	1.14092848	1.060677262	3.518729661	2.244877182	-0.615630738	1.650003656	2.162511644	1.906061527	0.308400672	0.395994772	-1.587676421	0.66373609	1.350912764	0.90346896	1.324726415	0.377431648	0.787329436	0.976100016
M14:8042MABXX:2:A8	1.145961155	1.2616075	1.088808013	0.965662187	2.463131249	0.867535404	0.03575317	1.524007719	1.739579358	1.682802552	0.354586086	0.413092957	-0.024292693	0.86713344	1.424820648	0.856935712	1.448934099	0.546524499	0.652400371	1.088634682
M37W:8042MABXX:4:H2	1.394544359	1.227532949	1.089152497	0.923364883	2.935634991	1.513779704	-1.32425897	1.451849793	1.922077595	1.738839392	0.254752597	0.334573858	-1.891800823	0.76895361	1.612768645	0.824348714	1.787682957	0.448789259	0.728209081	1.028809106
MEF156552:8042MABXX:4:D10	1.536951949	1.170030948	1.104086548	0.920655799	3.012260992	2.006678963	-0.9331826	1.476027321	1.995521236	1.775511141	0.22390056	0.310633873	-2.816749618	0.60031504	1.578689302	0.82987095	1.909564271	0.237993656	0.819382871	0.897485675
Mo17:8042MABXX:4:H1	1.271075508	1.230301565	1.097469109	0.988341822	3.422368972	2.738492225	-0.183201944	1.497713287	2.159469614	1.8729284	0.260402303	0.340251312	-2.371935171	0.41886784	1.484806558	0.842934234	1.587034344	0.45021567	0.90387833	1.02845524
Mo18W:8042MABXX:3:D2	1.015582786	1.310960852	1.139707351	1.149187217	4.096713246	2.3227677	-0.567043304	1.683464913	2.328978606	1.987094247	0.322993152	0.412146216	-1.282294771	0.70677649	1.406955658	0.868775495	1.479302186	0.431004535	0.813078509	1.014934373
MO1W:8042MABXX:4:E12	0.964852723	1.386653618	1.113246779	0.968455002	3.612603149	1.308941249	-1.052683357	1.741791047	2.109668733	1.936110035	0.249783508	0.30971256	-0.834710745	0.88623396	1.395902227	0.855503774	1.383775023	0.58860048	0.625705076	1.106636862
Mo24W:8042MABXX:3:D6	1.034968821	1.271729511	1.147010095	0.958701515	2.879955191	2.968048134	-1.477094725	1.623115879	2.081323338	1.866437092	0.246050916	0.35740737	-2.952672784	0.354025	1.406955658	0.878111047	1.53519383	0.310615778	0.932039026	0.946035022
Mo44:8042MABXX:3:C7	1.330214164	1.251635501	1.104322265	1.009391421	3.144299776	3.149220668	-0.430167721	1.506265058	2.13424498	1.856396411	0.264184116	0.381585193	-2.472187877	0.328329	1.560204096	0.821718967	1.698125787	0.411691122	0.957074499	1.005249036
Mo45:8042MABXX:4:G11	1.329992665	1.16298559	1.109676863	0.93871893	2.96235115	3.181269828	-1.293532881	1.474327301	2.1205985	1.824801557	0.226687134	0.344998929	-3.228926161	0.28933641	1.502986597	0.860805488	1.749719024	0.220487031	0.967299896	0.889406246
Mo46:8042MABXX:3:E4	1.050786031	1.255957041	1.102000724	1.0229089	3.418813798	2.026471745	0.251692135	1.546152133	2.129331343	1.855820259	0.288222653	0.370414398	-1.699909816	0.68674369	1.356793911	0.88075243	1.377375293	0.481220075	0.775371618	1.049811286
Mo47:8042MABXX:4:B2	1.264678685	1.318237341	1.102658044	1.090563043	3.86634818	1.286757578	-0.674325426	1.620755764	2.190516744	1.910450634	0.314509032	0.361005187	0.173280812	0.91221601	1.540333766	0.817332302	1.61173184	0.630632757	0.592149051	1.132991395
MoG:8042MABXX:3:A1	1.214855493	1.263506431	1.126136977	0.855284928	2.698083492	3.343372049	-0.740448454	1.602244475	2.042193042	1.845687466	0.176986615	0.286483431	-3.81217767	0.22391824	1.47655761	0.852702434	1.582935147	0.413515462	1.00536283	0.985469552
Mp339:8042MABXX:4:C12	0.79715529	1.421530847	1.097744331	1.0423107	3.342195411	2.031343766	-0.349132035	1.771154698	2.080036404	1.940506327	0.312092302	0.401379801	-1.319383656	0.72199009	1.291760649	0.887927279	NaN	0.806190031	0.753537518	1.283593201
MS1334:8042MABXX:3:F11	0.872929128	1.384875473	1.098898996	1.000494307	3.174353679	1.487075622	-0.354391838	1.721551878	1.995063188	1.876628325	0.297468181	0.363887831	-1.205307027	0.78659161	1.32336953	0.87703495	1.156335637	0.771155144	0.790434539	1.236400178
MS153:8042MABXX:4:D12	1.245830622	1.186379939	1.097839459	0.974984388	3.22900496	1.384292293	-0.815088851	1.443771002	2.01444362	1.780990562	0.266242386	0.331056498	-1.052683357	0.84879369	1.433453916	0.872192273	1.549319318	0.312112186	0.666819633	0.959472346
MS71:8042MABXX:3:E3	1.321735926	1.249328286	1.096053715	0.945346249	3.124676676	2.35619102	-0.287415441	1.500547521	2.069180612	1.811689639	0.243180885	0.319084635	-2.725705136	0.51365889	1.508396845	0.828465446	1.611150092	0.438401253	0.859269515	1.021673584
Mt42:8042MABXX:3:G10	1.186258316	1.341069686	1.12643398	1.042890954	3.395494384	2.842656634	0.164157586	1.655727633	2.144693531	1.907119818	0.288926496	0.378140355	-2.134531508	0.55591936	1.513074415	0.82987095	1.56543637	0.532604316	0.838644777	1.064673962
N192:8042MABXX:4:D11	0.926055553	1.323399533	1.119624986	1.056791212	3.198774762	2.651510588	-0.578390943	1.625278791	2.103721751	1.879194647	0.315107854	0.417291894	-1.911218909	0.48650625	1.337704998	0.885421329	1.339877396	0.520372755	0.889554331	1.066997239
N28Ht:8042MABXX:4:C10	1.313469196	1.17871458	1.114480798	0.954750513	3.01786395	2.898070206	-0.616741849	1.477959054	2.06058085	1.814049972	0.24269639	0.33649124	-3.026191481	0.31764496	1.531362785	0.856841652	1.735928854	0.210061701	0.954789509	0.883675129
N6:8042MABXX:3:C1	NaN	NaN	1.091361575	1.088431208	2.915854037	1.412519983	-0.157589921	NaN	1.924156843	1.987998891	0.360029275	0.484619913	-0.204199135	0.80371225	NaN	NaN	NaN	0.853782081	0.70318352	1.343302813
N7A:8042MABXX:3:H9	1.319613497	1.259180741	1.095814257	1.014551306	3.465731878	1.287469788	-1.097512893	1.541449887	2.076974899	1.824814961	0.282838973	0.343916853	-0.720107362	0.87590881	1.551164409	0.823154787	1.637077576	0.56367654	0.641430289	1.094447176
NC222:8042MABXX:4:A8	1.453016483	1.141153384	1.119665868	0.886288816	2.354719734	2.731683061	-1.108056747	1.488872374	1.897558362	1.766067526	0.208889542	0.333021283	-2.866459938	0.17715681	1.624764943	0.84369859	1.828403506	0.101892213	1.051224491	0.773857098
NC230:8042MABXX:2:B4	1.170057033	1.291265417	1.082602424	1.087873593	3.516068452	1.7537078	-0.906835573	1.52759202	2.098061944	1.855730454	0.340121777	0.402887821	-0.789437841	0.77510416	1.449050068	0.843062544	1.403847207	0.667076211	0.726386239	1.163779213
NC232:8042MABXX:3:D7	1.016440784	1.314677222	1.080266341	1.022961665	3.073561889	1.127610838	-0.794294363	1.581941937	1.92466578	1.792096051	0.327223615	0.398836654	0.063725691	0.89718784	1.336970868	0.873842161	1.198410931	0.745896821	0.617495658	1.219603866
NC236:8042MABXX:4:B5	1.32323389	1.153301156	1.108103933	1.033951127	NaN	1.988459014	-0.447537885	1.460352708	1.923593322	1.845955913	0.283930925	0.349249969	-1.204973305	0.82464561	1.424820648	0.869778	1.589114804	0.207184164	0.679929687	0.882489763
NC238:8042MABXX:4:F1	1.20678893	1.236594699	1.089926915	0.941443887	2.652717903	1.556161046	-1.520054351	1.490030258	1.851896707	1.72494022	0.307464837	0.395734049	-1.524178068	0.675684	1.442699906	0.852805548	1.528875771	0.497371407	0.780963542	1.058577209
NC250:8042MABXX:2:C1	1.085472248	1.3048574	1.086327471	1.033005187	3.706120185	2.405364378	-1.6321949	1.558038761	2.188775815	1.88778171	0.270272547	0.331451632	-1.965398826	0.65723449	1.412639324	0.861575192	1.41211427	0.638551783	0.792970335	1.137916975
NC258:8042MABXX:4:B12	1.205925925	1.26083595	1.11680316	1.004077591	3.381920433	2.130284655	-0.680823431	1.568167655	2.062530734	1.835018194	0.274194089	0.345715936	NaN	0.628849	1.497782435	0.843190485	1.627449645	0.394836235	0.816997903	1.006142085
NC260:8042MABXX:3:A4	1.422313618	1.192857191	1.089762125	1.001998647	3.17441103	2.733064636	-0.248333162	1.416754159	2.112328517	1.822860583	0.272638033	0.371627557	-2.609110253	0.39677401	1.562896491	0.826080187	1.805073159	0.369275338	0.915568582	0.985188297
NC262:8042MABXX:2:D4	1.174626085	1.25654349	1.103279424	1.022974854	3.377942703	1.733204509	-0.129197938	1.505374324	2.109822179	1.843435354	0.288222653	0.362613255	-1.326517157	0.80568576	1.411748347	0.856177678	1.410221484	0.50776225	0.695326118	1.045039853
NC264:8042MABXX:3:D10	1.415781476	1.075529195	1.089247163	1.063481538	3.563769936	2.329296223	-1.48943512	1.312190063	2.153593085	1.81487079	0.307151713	0.392573625	-1.676112046	0.64931364	1.562896491	0.8970303	1.855977675	0.054832308	0.795515844	NaN
NC290A:8042MABXX:2:A3	0.979803747	1.327750945	1.092880707	1.04310365	3.390788864	1.25176463	-0.064965279	1.620571013	2.057086748	1.850925094	0.322134614	0.385237006	-0.304760414	0.86545809	1.344259964	0.872726711	1.228870668	0.710831183	0.654075379	1.183743472
NC294:8042MABXX:3:E5	1.395133521	1.298571397	1.10761549	0.935708125	2.847386998	2.406789813	-0.275094957	1.580812207	1.95151418	1.796334587	0.252966597	0.343916853	-2.645075402	0.48566961	1.633340865	0.801602499	1.723904165	0.560885809	0.873112047	1.075199139
NC296:8042MABXX:3:F7	1.067847848	1.276657249	NaN	0.910111455	2.246795998	3.461580371	-1.196335377	1.672034214	1.97426624	1.851146702	0.200913935	0.318652758	-3.922073341	0.110889	1.480244585	0.871104356	1.658463363	0.22139974	1.100508083	0.891731887
NC296A:8042MABXX:3:A8	1.073940924	1.293140848	1.147012679	0.818078357	2.321352627	3.081644782	-1.331048887	1.646319388	2.008748135	1.852778943	0.154324342	0.265310461	-4.080441657	0.11444689	1.44046485	0.861913133	1.594946054	0.323243205	1.095241521	0.959188671
NC298:8042MABXX:2:C7	1.004069208	1.378886262	1.115640019	0.962878604	3.124900235	1.630460663	-0.110484733	1.696358561	1.968760466	1.861965667	0.277257937	0.351330965	-1.403237082	0.77457601	1.426303048	0.849493262	1.415959186	0.584838236	0.726569693	1.115966499
NC300:8042MABXX:2:F8	1.190312262	1.239305342	1.121726007	0.816761947	1.788989347	2.685071443	-1.231001477	1.562857777	1.740345268	1.725359246	0.168786261	0.290841437	-3.984593698	0.087616	1.452647396	0.864370555	1.564970997	0.365526521	NaN	0.972888623
NC302:8042MABXX:4:F7	1.059704677	1.333475726	1.135225211	0.888795515	2.253432507	2.516922724	-0.687761708	1.677107158	1.81851876	1.803711478	0.235202533	0.368884791	-3.272804167	0.21921124	1.415349939	0.852078722	1.477499249	0.437529359	1.011961956	1.027288531
NC306:8042MABXX:3:E10	0.94177274	NaN	1.116752877	0.999308647	3.570449719	3.053210188	-0.753534331	1.817970453	2.178769791	1.996139636	0.256076991	0.339879655	-2.456902453	0.5625	1.47367924	0.839737754	1.381616416	0.76170491	0.837337956	1.243658645
NC310:8042MABXX:3:B9	1.3260431	1.317135968	1.119385546	0.968544917	3.182099155	2.270347708	-0.267095439	1.640318125	2.064515109	1.872638705	0.253862514	0.339507048	-2.427015171	0.56927025	1.612768645	0.80922334	1.718124403	0.541336702	0.835314211	1.079177789
NC314:8042MABXX:4:D9	1.364388109	1.350533798	1.131749059	0.994701097	4.219868373	2.641243567	-0.947007705	1.705157535	2.361730201	2.008904383	0.222767689	0.290841437	-2.290656522	0.692224	1.649652691	0.786962258	1.770300752	0.557518473	0.820076906	1.088721001
NC318:8042MABXX:2:E9	1.426658172	1.067801251	1.071224192	1.054195589	3.561399215	2.132778239	-1.144446825	1.32822972	2.168815198	1.827205773	0.301411055	0.390702281	-1.596521687	0.67453369	1.429829315	0.911084321	1.649930866	0.117027535	0.781934292	0.793303669
NC320:8042MABXX:2:G6	1.422313618	1.059706782	1.078382346	1.046473811	3.030075582	3.053367632	-1.480605041	1.334791621	2.131085462	1.817400467	0.307464837	0.439816263	-2.352826309	0.33085504	1.480994267	0.919437675	1.729836416	0.058487916	0.945036576	NaN
NC324:8042MABXX:3:F9	1.347727558	1.362355991	1.098188896	0.979158428	3.978820269	2.191901952	-1.099012369	1.650362687	2.261793212	1.951507772	0.228328996	0.308318481	-2.190149664	0.76492516	1.562896491	0.819140854	1.681389571	0.700348145	0.732831046	1.176065807
NC326:8042MABXX:4:H5	1.04957869	1.381721692	1.123098009	1.14621871	3.650825227	2.243735071	-0.395415772	1.715930652	2.196511391	1.949077547	0.356734416	0.433806987	-1.042137442	0.685584	1.468786333	0.839321455	1.47394322	0.620829784	0.778754015	1.133343432
NC328:8042MABXX:2:D2	1.039173722	1.361550957	1.119630828	1.143711241	3.410611092	2.634773947	-0.713145827	1.667249554	2.140100546	1.913563817	0.366456068	0.449554938	-1.417166025	0.56460196	1.453868628	0.846866834	1.474237058	0.594373512	0.837829368	1.116489241
NC33:8042MABXX:3:B12	1.126232151	1.266895138	1.089235338	1.061534723	2.984332764	1.249820206	-1.888490658	1.548601569	1.932664821	1.775853021	0.373117324	0.443251714	-0.069886127	0.85211361	1.401924295	0.861997226	1.391162482	0.582959462	0.668006158	1.116838781
NC336:8042MABXX:3:E7	0.998863883	1.335438505	1.149361312	0.861520195	2.600095641	2.383013659	-0.859910398	1.697692658	1.926413062	1.848034573	0.197410436	0.297105995	-3.547379892	0.294849	1.433453916	0.863484858	1.54047825	0.410833333	0.965771858	1.009083143
NC338:8042MABXX:2:A5	0.953712027	1.343523344	1.151808623	1.004414406	3.020961388	2.600298376	-0.9331826	1.713138312	2.054601201	1.895510422	0.273806613	0.377849961	-2.680921534	0.27029601	1.410863513	0.870130782	1.49144971	0.407727742	0.985399545	1.006252178
NC340:8042MABXX:3:B8	1.265170236	1.2156445	1.123550177	0.808799625	1.761835068	3.042723976	-0.649704623	1.547701699	1.84698878	1.740576803	0.149695394	0.27786792	-4.186459851	0.03837681	1.503873579	0.859046704	1.67818993	0.273341582	NaN	0.92688738
NC342:8042MABXX:3:H1	1.022457108	1.353336179	1.091206573	0.996836789	2.926056754	1.269064338	0.017741682	1.632135207	1.930357083	1.816062123	0.318657204	0.384680438	-1.03732906	0.74528689	1.402336081	0.85112658	1.304696049	0.712067132	0.747043592	1.204349994
NC344:8042MABXX:3:E1	1.413696842	1.187210648	1.094579375	0.921825762	2.595226942	2.423754788	0.153321765	1.458530325	1.882229281	1.742901355	0.259975763	0.348549833	-2.646484845	0.42237001	1.538036433	0.839041727	1.657739301	0.360336334	0.906437434	0.940785979
NC346:8042MABXX:4:G8	1.229102475	1.267575029	NaN	0.838766701	2.446963159	3.310685585	-0.842343487	1.695524075	2.096534154	1.910884466	0.157633879	0.257055634	-4.14143617	0.09394225	1.581757793	0.839875653	1.80368872	0.206645773	NaN	0.884949184
NC348:8042MABXX:3:A9	0.914469684	1.388576734	1.117183783	0.928993581	3.130799036	1.504848905	-0.333097936	1.723410046	1.982032558	1.881720405	0.247930257	0.319515153	-1.69936262	0.77845329	1.359990274	0.869493804	1.305852527	0.663310968	0.723414647	1.159008658
NC350:8042MABXX:4:A2	1.501799899	1.132997628	1.09033248	0.87694736	2.609128236	3.040416514	-0.177453425	1.371600398	2.029605447	1.766080672	0.198120368	0.321223831	-3.65351231	0.17715681	1.593043517	0.830896167	1.857702299	0.216845999	1.04045107	0.889675285
NC352:8042MABXX:4:E7	0.955193799	1.32238491	1.147553601	0.89487855	2.751138714	2.553879655	-0.862513026	1.70631886	1.987330497	1.875730364	0.218715808	0.324992696	-3.165335058	0.40883236	1.361173396	0.882558681	1.426164344	0.409868875	0.904329807	0.998954205
NC354:8042MABXX:3:H10	1.271497652	1.202074259	1.128969851	1.045625378	3.685935882	2.989204665	-0.329337748	1.514023086	2.232300105	1.903005488	0.271460075	0.356744069	-2.202739758	0.58323769	1.486362158	0.857403094	1.654154939	0.236320339	0.825868003	0.893819165
NC356:8042MABXX:2:C3	1.202570995	1.336616753	1.124851555	0.79496639	2.913088773	2.886824577	-0.052557251	1.667025051	2.053127717	1.880420566	0.126176163	0.132970216	-4.358310108	0.29300569	1.542669419	0.825126792	1.60205506	0.554619823	0.96753516	1.085787018
NC358:8042MABXX:3:H8	1.037769022	1.250542177	1.12758334	0.896028372	2.68492104	2.534758966	-0.065605757	1.608751656	1.996527966	1.826430233	0.216935837	0.33066026	-3.417326764	0.254016	1.373669868	0.887591187	1.47394322	0.354546255	0.99003285	0.976737111
NC360:8042MABXX:4:E4	1.009441652	1.216185007	1.085135186	0.978684538	3.368556418	2.084097816	-0.522898205	1.486214172	2.127315625	1.828644844	0.257823303	0.33066026	-1.918003196	0.70123876	1.262116773	0.912671107	1.233675782	0.512864947	0.817844163	1.062938693
NC362:8042MABXX:4:F12	NaN	1.387148747	1.118240554	0.994019603	3.344810616	1.334241947	-0.639796005	1.73635682	2.036891203	1.908555745	0.287160865	0.350294073	-0.610461814	0.87684496	1.276873952	0.898885209	1.184291121	0.639272963	0.644001301	1.147983778
NC364:8042MABXX:2:H7	0.864623258	1.313723725	1.103465319	0.969727379	3.152253367	1.090136081	-0.600203435	1.606280236	1.944675169	1.806629274	0.283203826	0.34355439	-0.741707371	0.89434849	1.267279516	0.902037008	1.215198513	0.566121373	0.619549874	1.097383551
NC366:8042MABXX:4:F6	0.997597415	1.210156387	1.08893397	1.060612794	3.377387828	1.28282981	0.258510695	1.498545227	2.037152557	1.817823359	0.340121777	0.403137881	0.078071535	0.87553449	1.254723252	0.914179653	1.222167143	0.490624893	0.645265306	1.052849566
NC368:8042MABXX:2:G5	1.205741476	1.365796664	1.118996509	1.000494307	3.694085504	2.546788754	-0.179007056	1.676023155	2.190004872	1.939607055	0.246523248	0.304045473	-2.228405695	0.61214976	1.55887682	0.811926254	1.624334867	0.599215211	0.846869633	1.113722739
ND246:8042MABXX:3:F6	1.417235551	1.162470686	1.08372247	1.033441427	3.638982286	1.290285444	0.021957167	1.401285886	2.108966556	1.820975152	0.292055075	0.349946845	-0.40661577	0.889249	1.532453116	0.841231502	1.673476514	0.357645059	0.624414795	0.975664632
Oh40B:8042MABXX:2:D8	1.290675057	1.241003044	1.092245516	0.983399014	3.144554103	2.54446452	-0.283424482	1.47147405	2.065588495	1.805806996	0.263352409	0.365466545	-2.35598587	0.55130625	1.50656957	0.837470705	1.620049723	0.447254438	0.842180199	1.034387447
Oh43:8042MABXX:4:G2	1.162655794	1.34670526	1.104119301	1.012060087	4.308268289	3.270891237	-0.29813653	1.606391694	2.408256794	2.0139243	0.221624015	0.296083244	-2.62554898	0.62631396	1.520905762	0.829697717	1.55677105	0.621307053	0.80714248	1.135871264
Oh43E:8042MABXX:2:E7	1.316363694	1.246094492	1.087526883	1.097042585	4.753097084	1.648580882	0.041045969	1.508169213	2.456575679	2.01420299	0.26293472	0.313809284	-0.311291938	0.90992521	1.520905762	0.828997829	1.60149953	0.526879464	0.603231159	1.076275492
Oh603:8042MABXX:2:D7	1.264025062	1.232209812	1.115747454	0.867811537	2.628318931	2.792957992	-0.184764538	1.558178528	1.945941896	1.785626941	0.200913935	0.305007143	-3.48675527	0.19954089	1.479499056	0.849493262	1.623101661	0.369483896	1.028814315	0.974613431
OH7B:8042MABXX:4:B11	1.099264975	1.348237565	1.069022618	1.152468949	3.71865684	1.355984673	-0.579461416	1.598428021	2.15690033	1.895561247	0.377651946	0.453771623	0.43119783	0.88078225	1.452040988	0.838476897	1.304465693	0.795357358	0.640310309	1.266681477
Os420:8042MABXX:2:H5	1.365811776	1.171085217	1.105586308	0.989077677	3.806834609	2.181573121	-0.763569645	1.434534318	2.209847416	1.877493017	0.243663593	0.290304992	-2.025711219	0.70711281	1.519902192	0.847334851	1.696393882	0.253662676	0.769010834	0.916303403
Pa762:8042MABXX:4:F8	1.269311635	1.302764205	1.115227825	0.963546386	3.911042035	3.038257488	NaN	1.61731938	2.295328924	1.963819096	0.210164954	0.306436518	-2.981829368	0.553536	1.5670332	0.824739496	1.683007075	0.53685101	0.842418212	1.077147861
Pa875:8042MABXX:2:C10	1.151942008	1.169325769	1.123870196	0.989683226	2.898461404	2.85016974	-0.955551446	1.52875055	1.994585765	1.792567066	0.285374838	0.397808719	-2.502256288	0.34597924	1.405256415	0.89714839	1.582935147	0.159822457	0.943291692	0.857310926
Pa880:8042MABXX:4:F2	1.08133256	1.293455987	1.096034455	1.07043176	3.554717668	1.295509584	-0.373821103	1.560652149	2.10378812	1.854300641	0.322707444	0.377849961	-0.140412154	0.86229796	1.428812001	0.856841652	1.449708217	0.533751208	0.659118862	1.081264721
Pa91:8042MABXX:4:E5	1.28268939	1.20506501	1.094441818	0.991140657	2.604604422	2.157868525	-0.927351679	1.448861792	1.861925557	1.71346687	0.333250465	0.422293634	-1.922779732	0.54361129	1.508396845	0.851019527	1.659918798	0.377956061	0.844073719	0.991845994
R109B:8042MABXX:2:F1	1.274647912	1.256730327	1.093660624	1.025931102	3.958929024	1.589558432	-1.033105486	1.550268687	2.227645573	1.904354599	0.262515796	0.328662251	-0.792304752	0.88322404	1.501229726	0.832390297	1.573030077	0.531687262	0.756996457	1.074260811
R168:8042MABXX:2:A2	1.390317064	1.187698494	1.107117133	0.958129061	2.742177203	2.486515413	-0.491022996	1.513827102	1.951141726	1.774244677	0.271065306	0.376390123	-2.358097803	0.38962564	1.55887682	0.833992785	1.732862108	0.274499596	0.927414908	0.923352544
R177:8042MABXX:3:A10	1.139328939	1.236402301	1.095741258	0.946497312	3.177987586	0.998157455	-0.156887756	1.482370757	1.960534128	1.764726703	0.265010988	0.326635492	-0.06038715	0.925444	1.405679113	0.867750516	1.485436509	0.437856266	0.570081307	1.024568957
R229:8042MABXX:3:B6	0.980016233	1.37754131	1.130712622	1.135017763	3.48782822	2.447379952	-0.746969987	1.719475836	2.150844186	1.930598646	0.359562008	0.440223689	-1.292804018	0.57957769	1.452647396	0.85112658	1.508221482	0.536276621	0.831991743	1.082857346
R4:8042MABXX:3:G11	1.289568446	1.164202873	1.088416478	0.857559312	2.003030253	1.893332272	-0.991014278	1.364036677	1.706245296	1.625597238	0.243663593	0.376683148	-3.172469452	0.20994724	1.44102005	0.868557784	1.564043422	0.303954674	1.015818344	0.952494647
SA24:8042MABXX:3:B5	1.249299276	1.215042929	1.095783485	1.133068962	3.771911052	1.815156428	-0.592759007	1.50008981	2.210371324	1.890130685	0.347991494	0.414971397	-0.692747261	0.75620416	1.503873579	0.848597139	1.623717366	0.427210156	0.739799983	1.014648989
SC213R:8042MABXX:2:B8	0.925137469	1.329070587	1.085246243	0.955101159	2.713201863	1.875316571	-1.234775713	1.601557896	1.8420785	1.788227287	0.297468181	0.381016086	-1.627601883	0.70274689	1.299710295	0.894604211	1.193502222	0.706633124	0.76740666	1.183470374
SC357:8042MABXX:3:G12	1.606684577	1.097149172	1.078393074	0.941232603	3.352241161	2.377207466	-0.757792374	1.359458107	2.110422407	1.80581437	0.224463026	0.301117036	-2.850766503	0.58110129	1.605283467	0.84369859	1.895034553	0.148351468	0.828635873	0.83547104
SC55:8042MABXX:3:C12	0.951812098	1.312425027	1.093052479	0.969673808	2.959633395	1.181080993	-0.322963887	1.579847595	1.919731685	1.779533216	0.300760559	0.365780386	-0.764213629	0.84254041	1.328264035	0.881964374	1.277992262	0.6172533	0.676819295	1.127846924
SD40:8042MABXX:3:G9	1.3018703	1.261686521	1.085363411	1.077567993	4.070523925	1.147360687	-0.347007539	1.520098354	2.274556784	1.926282807	0.288574973	0.349946845	0.08764451	0.91853056	1.541496727	0.824544545	1.637077576	0.56600489	0.582351684	1.103570928
SD44:8042MABXX:3:G4	1.211666015	1.198412288	1.086957502	1.058124609	3.517511251	1.342560272	-0.474493695	1.455874999	2.086524974	1.807310531	0.314509032	0.382435157	-0.352825221	0.87740689	1.388293261	0.871855062	1.448676762	0.41652481	0.649495669	1.008697866
Sg1533:8042MABXX:4:B10	1.215241631	1.207166326	1.081292551	0.97241996	2.889657788	1.105437546	-1.155500151	1.479764274	1.890524666	1.727627242	0.314208826	0.373131128	-0.34658318	0.87909376	1.379729662	0.867453391	1.362952613	0.544678479	0.640871686	1.075723158
Sg18:8042MABXX:2:F5	1.438233257	1.162627949	1.074232431	0.974863136	3.085674588	1.032026631	-0.599292605	1.401970004	1.946849062	1.738627237	0.299122783	0.367029506	-0.271152771	0.89813529	1.511184228	0.834772605	1.692970232	0.36438303	0.621121328	0.989819292
T232:8042MABXX:4:F4	1.14268295	1.308648248	1.097119574	1.081908953	3.839338035	1.438860435	-0.209487225	1.572215917	2.178348049	1.897692549	0.306208767	0.375802472	-0.459182391	0.87871876	1.456345465	0.842805552	1.47990693	0.604422485	0.63860924	1.115931716
T234:8042MABXX:3:A2	0.985860168	1.297472948	1.093074606	0.987151501	3.258558514	2.148779441	-0.297193833	1.561199504	2.051840722	1.829945636	0.275733916	0.351675013	-1.937247776	0.64048009	1.328947124	0.882612333	1.280569363	0.577098414	0.804130761	1.106930727
T8:8042MABXX:3:E8	1.370666835	1.321437316	1.087257184	0.943875353	3.234449506	1.403758611	-0.809680997	1.558043624	1.978498896	1.803002811	0.252966597	0.312457608	-1.205640861	0.85599504	1.626862796	0.797019944	1.684636586	0.628477477	0.661170379	1.143346388
Tx303:8042MABXX:3:A3	0.852745509	1.350496327	1.064835867	1.153880298	4.123681651	1.774568573	-1.03423003	1.622413171	2.290427183	1.955341824	0.336189418	0.39858025	-0.410678675	0.84143929	1.265000537	0.893809154	NaN	0.78811443	0.676544964	1.258089134
Tx601:8042MABXX:3:D8	1.463006432	1.061695507	1.081005297	0.872755659	2.490370629	1.646670618	-1.195343478	1.351354227	1.798924565	1.62100256	0.221624015	0.301609729	-2.116105526	0.74701449	1.461442552	0.908739908	1.682196833	0.065178714	0.742502653	NaN
Tzi11:8042MABXX:3:E12	1.58018084	1.133591054	1.112573463	0.802051959	1.883951148	2.345804807	-0.832179389	1.496918375	1.839923068	1.719888571	0.136778432	0.239235529	-4.342805922	0.03345241	1.673621324	0.78836062	1.87380098	0.186809966	NaN	0.838990246
Tzi16:8042MABXX:3:C8	1.190653864	1.212736414	1.117214224	0.940575911	3.072078017	2.234997653	-0.671581403	1.531838175	2.045314539	1.815634346	0.242210093	0.328259231	-2.603690186	0.56610576	1.428306315	0.873386132	1.543382371	0.313710407	0.833009061	0.937221597
Tzi18:8042MABXX:3:B7	1.388303563	1.25448589	1.107609753	1.068772124	3.763522506	1.20713692	-1.009228728	1.527441072	2.178625991	1.873764349	0.313002639	0.382717502	0.280732983	0.91527489	1.637822188	0.830896167	1.758639414	0.423424495	0.593887595	1.017171469
Tzi25:8042MABXX:2:E6	1.121437271	1.203709065	1.067914503	0.994701097	2.995006335	1.538223937	-0.601479992	1.469708353	1.935899465	1.749758915	0.313002639	0.377267607	-0.947007705	0.804609	1.310757507	0.89248239	1.284408872	0.554619823	0.783855548	1.086890814
Tzi9:8042MABXX:3:B3	1.482171867	1.10084769	1.069342448	0.903745299	2.530321041	2.821768706	NaN	1.220067271	1.944177071	1.706712954	0.204307506	0.294533485	-3.755019257	0.21771556	1.464066396	0.874994463	1.683820319	0.183497005	1.012773419	0.86133103
U267Y:8042MABXX:4:G12	1.305602337	1.227110391	1.097098948	0.919187441	2.788154201	2.52573492	-0.02644665	1.538493991	1.99078803	1.799172679	0.22994922	0.318652758	-3.307707039	0.29127609	1.512126073	0.848142245	1.591216358	0.459460669	0.96753516	1.036483554
VA102:8042MABXX:4:F10	1.217574042	1.268690371	1.107780189	0.884675208	2.495106926	1.33216318	-0.787897517	1.577559602	1.754242438	1.73013574	0.259547919	0.325405211	-1.89645354	0.78092569	1.480244585	0.845432545	1.586001902	0.492871076	0.715567557	1.048662086
Va14:8042MABXX:3:G3	1.595235951	1.209119412	1.131991387	1.078176037	3.734559688	1.024970419	-0.872273846	1.534917395	2.158725071	1.867337117	0.316595736	0.376096565	NaN	0.92833225	1.732692974	0.772985593	2.063177068	0.21666436	0.573290721	0.893933406
Va17:8042MABXX:3:F10	1.388303563	1.296662645	1.119777275	1.043987247	3.732356203	0.996350014	-0.606602579	1.591741331	2.157086038	1.889921154	0.295122621	0.357737945	NaN	0.93470224	1.596436708	0.82395438	1.798231084	0.487484713	0.546925226	1.040673936
Va22:8042MABXX:2:B12	1.454905977	1.214555214	1.088318425	1.105499681	3.716973725	1.234565341	-0.314026048	1.484307514	2.145128192	1.834576833	0.338297238	0.399603568	0.400988436	0.90269001	1.541496727	0.810052349	1.671157414	0.465208089	0.613506417	1.032514974
Va35:8042MABXX:2:F7	1.313161328	1.322409168	1.098037704	0.968742562	3.355795356	1.399081161	-0.120361357	1.576038569	2.030881494	1.829357331	0.260402303	0.327855053	-0.873949891	0.87179569	1.586486864	0.807515264	1.648541056	0.613325365	0.649149055	1.133892717
Va59:8042MABXX:2:C5	1.236259101	1.294783028	1.082743915	0.967263673	2.821115059	1.227654573	-0.621012583	1.511001593	1.864640106	1.730806386	0.313002639	0.374026527	-0.340801595	0.88454025	1.505664992	0.830726958	1.522751747	0.632190538	0.632343613	1.140114201
Va85:8042MABXX:4:G5	1.113112697	1.248268226	1.126716549	0.832755391	2.116995109	2.291111928	0.167461694	1.541750685	1.786626793	1.735233101	0.192302477	0.310633873	-3.63818634	0.16016004	1.425807029	0.872259419	1.537209855	0.361165469	1.052979261	0.965159155
Va99:8042MABXX:2:A11	1.115370861	1.345777185	1.107680709	1.112148814	3.67081199	2.269341787	-0.835632829	1.656538712	2.182916507	1.916389124	0.332980891	0.407578358	-1.238909374	0.71182969	1.462748002	0.83703235	1.442354826	0.663675105	0.765101042	1.161824504
VaW6:8042MABXX:3:C11	1.229102475	1.303987608	1.106465465	1.080337438	3.857778369	2.204604281	-1.101717104	1.565917979	2.222793711	1.902336347	0.294446065	0.370109655	-1.283737773	0.76352644	1.523960914	0.839460658	1.59710773	0.534783958	0.731602874	1.080529416
Va26:8042MABXX:4:H11	1.029025746	1.444035737	1.109974445	1.017430457	3.381989629	2.593397132	-0.320343015	1.789954189	2.127607538	1.961346013	0.276116387	0.363570164	-1.999521919	0.61575409	1.504766353	0.824151995	1.45362704	0.716149711	0.809447191	1.213536199
W117Ht:8042MABXX:2:E4	1.075946574	1.23337301	1.078635683	0.998190752	3.483865446	2.535848919	0.172523714	1.498426972	2.156914191	1.862064407	0.260402303	0.34355439	-2.273026291	0.60793209	1.330556177	0.885923417	1.311036334	0.543756077	0.813899893	1.087289155
W153R:8042MABXX:2:C11	1.4357678	1.12952416	1.092570963	0.976071829	2.568999659	2.425492338	-0.837710632	1.447631308	1.921646584	1.736607364	0.298793222	0.42759694	-2.278868566	0.30603024	1.538036433	0.863076491	1.736960406	0.146051277	0.966118686	0.824106814
W182B:8042MABXX:2:G11	1.126436327	1.331978434	1.070825051	0.99685206	3.252965597	1.381709941	-0.621943422	1.592271707	2.000389848	1.818737802	0.296132087	0.359706593	-0.69214768	0.86620249	1.447872451	0.838901195	1.325505386	0.7982848	0.652400371	1.266222728
W22:8042MABXX:2:A7	1.321416254	1.162140067	1.124949336	1.047572132	3.610323909	2.498702436	-0.523404406	1.486815491	2.214327732	1.876161197	0.276878391	0.355073106	-2.196424897	0.53934336	1.538036433	0.85814098	1.840986414	0.125227618	0.84976521	0.86797556
W22Rrstd:8042MABXX:4:D8	1.32152276	1.272673405	1.101126979	0.906960028	2.604290876	2.451782809	-0.742337425	1.553683945	1.933801698	1.780951248	0.219303192	0.328259231	-3.473768074	0.27920656	1.505664992	0.834926921	1.667346265	0.50595115	0.974585667	1.057813474
W64A:8042MABXX:4:E9	1.320778299	1.201774339	1.1110992	1.00100215	3.196624834	2.368101388	-0.869407146	1.480218104	2.050380779	1.800584675	0.281001458	0.360681561	-2.190149664	0.56565441	1.509319696	0.844697688	1.717175424	0.238086708	0.836391489	0.907917813
WD:8042MABXX:2:G2	1.174311144	1.278151216	1.071161928	1.003019053	2.691169325	1.372054352	-0.413698913	1.529728841	1.835847593	1.731492941	0.35338205	0.423634024	-0.850737101	0.80856064	1.412193063	0.85112658	1.328392008	0.706756504	0.697540181	1.183962299
Wf9:8042MABXX:4:B6	1.05636603	1.250061381	1.096379288	1.033665373	3.911948228	1.146904894	-1.226559303	1.499043441	2.20355875	1.882296805	0.272638033	0.341360636	-0.121376986	0.92332881	1.387924573	0.876426099	1.461716131	0.436222362	0.581058982	1.023776326
Yu796NS:8042MABXX:4:H3	1.364388109	1.233379066	1.112235867	1.035557903	3.658742945	2.323253494	-0.440056553	1.537924058	2.199899076	1.880014107	0.274580551	0.348549833	-1.897786874	0.64770304	1.577179306	0.820233835	1.733879744	0.357541653	0.834103268	0.974158551
