-0.247193708371736
1.14834447842127
-1.34304405007435
1.47752872808769
-1.06776803197584
-1.58105732420662
0.905349935657831
-1.66533086999432
-2.20051545513224
2.20051545513224
-0.0602499925586365
0.589261292693916
2.14882195759673
1.34104663237229
2.00404823961145
-0.177326268785279
-0.757782130650426
2.36195493180202
-0.496037525909196
-1.55338088699064
1.09442806264962
NA
1.34523897696592
1.2387259982074
-1.23872599820746
1.5494558647775
-0.0614771412362584
0.808281903449781
-0.320531296961965
-1.49118648848252
0.141738786072461
-0.495226918433532
1.28535393710789
1.06659407733917
1.50408753096892
1.00178947017529
-0.0280247124161424
1.19105276948591
1.35984993688707
0.0762126637596308
0.78083585773328
0.309371468904571
2.44851463376198
-1.21547878806542
-1.11326197130774
0.413494541049645
1.15976407680292
0.743389687156096
0.934783992726089
-2.28059746807563
NA
-0.115358279177794
-1.71905122798886
1.04471532360405
-0.319664027719212
0.478637191871124
-1.47256207689227
-1.69260331946436
-1.89832322058137
2.56436694303835
1.36199068244371
1.22261301106091
0.45696484452648
1.87956446223485
0.248541962661691
-0.868679363471338
-0.196984478307281
-1.10795985038811
-1.10795985038811
-0.307907230850106
1.24477267407407
0.828430303111014
-0.077216777524579
-0.974984505664618
1.19532747075241
-1.10126923333145
1.01263704403646
-0.368406804031282
-0.233814148351297
0.0304730879324568
0.991968588342497
0.93300771327876
NA
-0.939728393078637
0.412614686543752
0.894309361523812
2.31496653774049
-1.44021452968086
-2.15162491645599
-1.64316703216703
0.773656094167603
1.66948849141564
0.927450447212798
1.83096136232875
-0.497578121063916
-2.50062645205815
1.31773404893605
-1.2872107113894
-1.36333126837457
-0.588557631278048
-0.85987496931186
-0.999962090439593
-0.78901001522105
1.58319456283841
-1.05907666952673
-1.5052337442467
-0.126011683473805
-0.0143582180414886
1.99059024804935
0.323824238355385
-1.39800620751946
0.714365214902567
1.35511048178635
-1.79162772466813
-0.289021725415101
NA
-1.14862744032173
-0.580036589365373
0.64994056865128
0.340782307134478
0.0406855518776824
-2.7708938276308
-2.03127244194538
0.84645808970422
NA
-2.12372290113597
1.90569519207894
0.911576454950505
-0.767477548225959
-1.06659129808676
-0.243188503863284
-2.04632366487242
-1.71842255407944
2.20329909606552
0.754810866041371
-1.04962443238327
-0.812401343760152
-0.680796686981685
0.602609968160317
1.11232675256835
0.908463568914981
-0.769493637728063
1.79189712259205
-1.18362844672149
0.728457787491918
-0.491229649038705
0.815714094184778
1.85093130816369
-0.575611623842639
NA
0.73197359310527
1.12012911244942
-0.10283689554837
0.759406097045776
-0.590735723783936
NA
0.575431138405635
NA
0.778235428423242
1.02704038466919
NA
-0.639855775462427
NA
0.236478067311435
-0.826589703548006
-0.138873368640144
NA
1.25944613097618
0.144362653780784
2.55372550222177
0.897374459442668
1.04226080924945
-0.253181550246802
-0.531156270794563
0.343062137420427
0.581801742900228
1.37530253085218
-1.43292020833896
1.25325643005842
2.11948786247866
1.42987127145375
0.692693245241534
NA
0.332095086976248
NA
-1.08147953795429
-0.179340884196457
-0.169206150552408
-0.054837916408843
0.999548998639215
0.722910266460745
-0.802800790789309
0.337039687244939
NA
0.103948591775757
-0.165298919980766
-0.411713974808141
-0.77697831679101
-0.0967252032367083
0.927407336701457
-1.56352184768814
0.128306022207527
-0.947300116224821
0.0101341686610101
0.450956106285867
0.977632609595913
0.805342366609267
-1.93778649012028
0.673960432199853
0.859976171431315
1.00581771009548
-1.02915667774866
-0.580037135987562
-1.63884233234531
-0.627706361656128
-0.967081965449374
-1.71880505956227
-0.708775327046291
-2.50954488389322
0.163475326020923
NA
0.0392323468478332
NA
1.32968801917447
-0.35405299706488
-0.0834759197691163
-0.21124163805103
-1.23676241266996
-1.82389565948081
-0.452577935549398
-0.0604208224475922
-0.188421565769752
-0.178264265085851
-0.729298115377911
0.819413624891072
-0.565149590927222
-0.480490313145269
-1.92104985874062
2.44157314988277
-0.403806975363053
0.946911254459258
1.37294547597433
-2.24925680126347
-1.17839180622103
-1.01839690539324
1.16355547150918
