-0.0956184645505402
0.318670298539491
-0.189677109907869
0.27533769630345
-0.190062725067823
-0.283083196255733
0.0856126060244771
-0.337162020909862
-1.17118030604868
1.17118030604868
-0.0264885059460997
0.199859442875904
0.60825718723161
0.373742951274427
0.886652068197377
-0.0645258002294149
-0.198502505499453
0.501741894607717
-0.228186954513113
-0.852817060361731
1.0701756199864
NA
0.356335965497137
0.975592323982738
-0.975592323982784
0.4454133137634
-0.0356809250530006
0.429253136912635
-0.297248740347176
-0.286168441779871
0.0468196236412659
-0.147472690756085
0.265985195861672
0.340077215483496
0.435966844217876
0.232773715791964
-0.00865954104575195
1.34677689787667
0.672221449478497
0.0438537080167141
0.353008901532007
0.0981141660441773
0.495396140615427
-0.306547899506964
-2.14752362009597
0.131062666400068
0.489493898660818
0.204385687837915
0.25703094791325
-0.449784949599888
NA
-0.0297322445249257
-0.393792759444763
0.266251041189964
-0.0955352274789423
0.141236686003982
-0.277084175843735
-0.357791961859068
-0.364129572511215
1.50028259998571
0.260428871241255
0.231774664939975
0.246981887150435
0.310169374238754
0.0657887880350554
-0.711415774127545
-0.144996106162258
-0.911226727103411
-0.911226727103411
-0.1215469281983
0.254671524217005
0.0802175272777547
-0.0197663790286029
-0.3131530207929
0.275985301624113
-0.541677749093132
0.867997991871931
-0.167233668464892
-0.230548737656704
0.0118949804930413
0.943224970406268
0.428568713899211
NA
-0.17251514822314
0.116140604724668
0.290429230107345
0.393348872126038
-0.243866928703633
-0.361124463384558
-0.318997864008669
0.753034198169303
0.437398744421484
0.0902068692951015
0.325126348317825
-0.0946310659621155
-0.535397920893253
0.339427597891419
-0.354034054692836
-0.824436084734202
-0.148323764800101
-0.224681526269229
-0.178751012213291
-0.148625938763892
0.729474041196377
-0.298326803038659
-0.641679058349737
-0.121382144719718
-0.00363648549067452
0.361058554446135
0.0782702629196805
-2.62070780930196
0.135057422416095
0.263671424275661
-0.132070498990482
-0.0761847217954266
NA
-0.21740301064356
-0.180330827619393
0.431413328904
0.224247913274374
0.0123979973984909
-0.638069004970588
-0.53291768725791
0.13765816076884
NA
-0.410491011645735
0.488770515524439
0.266375238899863
-0.210080485051036
-0.458455451803649
-0.0974716439793752
-0.562658551189013
-0.696885267057812
0.573945724573129
0.269224354674893
-0.0920296947012424
-0.274142089648624
-0.166557015105559
0.194921212773025
0.293892393605438
0.271142503530878
-0.818683357858236
1.57640018015405
-0.326638047874946
0.246565561504529
-0.136437128787073
0.199196013951861
0.441803601998082
-0.14672063312708
NA
0.196075325976013
0.422348021569854
-0.0435208168813901
0.322697620418452
-1.08685574579374
NA
0.136868721760493
NA
0.385549689242914
0.513477350264552
NA
-0.53551215006676
NA
0.128824534487023
-0.399586201512244
-0.13275142920611
NA
0.381781211576222
0.0405239214878232
0.783985102064161
0.244898198579667
0.281635916571307
-0.0644724650298762
-0.131598354243726
0.0967967056037118
0.199733043148168
0.479972219424894
-0.578068696285267
1.43202714719427
0.584077027480069
0.488828175033898
0.168469855967079
NA
0.116933182178088
NA
-0.412824483368155
-0.057291322712822
-0.050110669296159
-0.0319698397878962
0.856337151038076
0.295743389304016
-0.311645577683841
0.127590561915966
NA
0.0298755481795627
-0.0387478055215746
-0.0965825869463659
-0.199990928577895
-0.0271780768506176
0.427851372982978
-0.587511037640184
0.0347878024298041
-0.293770576100248
0.00280175198154886
0.212439221767418
0.265330558111641
0.374983027866584
-1.07260596082013
0.181107385193426
0.868448934385867
0.280002851042893
-1.93676250618018
-0.21277690845022
-0.438065290202448
-0.194720322505095
-0.0821066752897055
-0.624613778360491
-0.205220704385813
-1.04909977041903
0.0483583186276446
NA
0.0116780517637851
NA
0.426633227379627
-0.103078908729813
-0.0251166004051147
-0.0591767174504998
-0.583228035753622
-0.833170326711545
-0.127018582670274
-0.0197733455568461
-0.102939516528934
-0.0718600724236875
-0.349870531117265
0.325282977407412
-0.151268643101822
-0.13255985529592
-0.49905292922724
0.627379892976525
-0.110950801454866
0.317697006907685
0.315479969214183
-0.560228743487515
-0.0650224282430047
-0.266821162388844
0.296954001271647
