-0.880760609703501
0.239897603810597
0.528802515129785
0.996415691952468
1.26770144247706
-0.676894532061116
-0.0533063046900573
0.786708528947894
-2.93985595481257
2.93985595481239
1.0313276001775
-2.47342647080126
0.705791305241599
0.33948058512415
-0.694447039337383
-0.241420080140544
-1.48000454833316
-0.919886102749556
1.90253802963878
0.948728883045661
-4.38682119895344
NA
-0.576441657280323
-6.88824343399659
6.88824343399622
0.669831902598705
0.809757350050944
2.59360995942831
-6.24396827399022
-0.27940473014594
-0.623105875894936
3.29345131670576
-0.933444003724624
-1.54252976282713
-1.00466745879276
1.7056910675134
0.24417157355186
-1.19221748488424
-1.52430969243209
-1.65477956727582
1.27863690012055
-0.661404721579126
3.50159531868722
-1.33863108600166
-13.4185043535722
-0.903549262637766
2.42159835369759
1.78253572261977
1.83031291211389
-1.15043119606609
NA
-1.97289185621538
-0.161510122005023
-0.495840720612387
1.7777250077411
0.0427556763423382
-0.297664640957978
-1.69905058554514
-0.578667652780634
3.47643204449082
2.57070547197284
2.39233796348613
2.72450798330858
1.98986278635868
2.25679059252634
-0.682808246285674
-5.36488281338624
-0.312558747056016
-0.312558747056016
-0.445807718118447
2.02807501458461
-0.619209169114256
-1.17232199969253
0.150354976034272
3.49165611995635
0.764961689706197
1.18723551127982
3.47484924703676
2.13448007479235
-1.14503524795598
0.672662718519966
-1.97939046536836
NA
-0.436706541371868
-3.23676486047424
-3.71286471939065
-0.0736783563049865
0.92747668966649
-1.53557479402346
-1.69137708560151
4.50580370102654
0.0503714061924256
-0.195236424030117
1.20112829518141
-0.201346525347013
1.12900111967219
-0.652236570066881
-1.21468617310782
-2.04252203952561
-0.0290230745683715
-1.26370035054003
-1.73938645918766
-1.13006064501404
-0.186882652950775
-0.491729511603939
0.477651661743636
-2.09275450326561
-0.532515354605628
1.07242906638332
0.104099257003991
-7.00141300985047
1.12666000373103
0.515557262442979
-2.40894339031818
0.379124526001805
NA
-2.56137724486749
-0.27900765742924
-1.51595097164386
2.37856767451314
-0.329590541134188
-2.58369062438632
-1.62113662416146
-1.24923314490081
NA
0.618166176090527
0.701185338084015
0.339329246386195
0.703021372446317
-0.751476311550255
0.594053230135287
-1.78728245202894
-1.38902716689056
0.107989231498404
1.06722371184652
0.471276768430172
-1.25789792843421
-0.412662485206464
1.74328906104403
-0.964211470453446
-2.22830322558636
0.561528388051702
-1.31746081867999
-1.65109497910333
2.13022062621744
1.34206161691902
-0.56061161956664
0.822459037182874
-0.442556749460033
NA
0.0864217189742575
1.25175221453981
-1.34031355262771
2.39544823501777
-21.2318000115231
NA
-1.60705797458288
NA
-2.03744289693402
-1.74578148980062
NA
-1.09536091132783
NA
2.89917230606298
-1.7237937860804
-2.35395855321133
NA
-1.76961631742593
-0.802991474966406
1.93755848256637
0.620429631983942
2.03827729894998
1.10845870279046
-1.35557340712982
-0.739675006785955
-2.15648478502968
0.137224448020191
-1.87715610935229
-4.28871674010249
-0.607856719344134
-1.77912140699112
-0.258100431016643
NA
0.143530633962222
NA
-0.148051877216577
-1.07931520245542
1.92982920028147
-4.29840827643106
3.10142504263331
-3.64236328398832
3.64174830984767
-0.221418151453934
NA
-0.0779342139965031
0.551856625923513
0.861774444640396
-0.0917499433343352
0.568276509672893
-2.51288849891246
0.48236735487999
-0.210872172196151
1.75296129501911
-0.143396373367551
-1.59293639765235
-0.555760748544964
0.252303348808809
-3.70695839202262
0.884400270035909
0.768341449385105
0.153941760945507
12.8967200231766
-1.69016478159532
-3.08979384933523
-0.464494048961591
1.11574810522553
1.03573104394765
-0.839650656892337
0.432328251708585
0.0151290787404914
NA
0.033639180225304
NA
-0.490829742945843
-0.353588977167004
-1.0716216393012
0.0200505053998086
-1.38950367688051
0.212551998212932
0.77709166621873
-1.91375453346348
1.42338480668718
0.393068849454988
-0.721630088766194
0.187926204809948
0.950570897451385
-0.0662674163460437
0.0702847530029125
0.558846914280952
-1.70824462316132
1.3048600308624
1.20448917224136
-2.67975154436068
1.13694080100967
-3.34324300138777
-1.76212510533777
