0.193840579710145
0.351449275362319
0.492753623188406
0.27536231884058
0.177536231884058
0.253623188405797
0.0652173913043478
0.159420289855072
0.0688405797101449
0.0688405797101449
0.072463768115942
0.166666666666667
0.264492753623188
0.295289855072464
0.0833333333333333
0.134057971014493
0.449275362318841
0.257246376811594
0.0905797101449275
0.0543478260869565
0.0144927536231884
0
0.365942028985507
0.0253623188405797
0.0253623188405797
0.271739130434783
0.0398550724637681
0.0688405797101449
0.0144927536231884
0.315217391304348
0.213768115942029
0.206521739130435
0.420289855072464
0.210144927536232
0.27536231884058
0.141304347826087
0.202898550724638
0.0144927536231884
0.072463768115942
0.0561594202898551
0.0942028985507246
0.217391304347826
0.369565217391304
0.467391304347826
0.00362318840579712
0.221014492753623
0.101449275362319
0.347826086956522
0.326086956521739
0.353260869565217
0
0.385869565217391
0.268115942028985
0.427536231884058
0.23731884057971
0.242753623188406
0.295289855072464
0.190217391304348
0.266304347826087
0.0615942028985508
0.311594202898551
0.297101449275362
0.052536231884058
0.34963768115942
0.48731884057971
0.0289855072463768
0.0326086956521739
0.0253623188405797
0.0253623188405797
0.119565217391304
0.201086956521739
0.230072463768116
0.492753623188406
0.186594202898551
0.135869565217391
0.0760869565217391
0.0181159420289855
0.0760869565217391
0.0144927536231884
0.119565217391304
0.0181159420289855
0.0797101449275362
0
0.297101449275362
0.315217391304348
0.170289855072464
0.431159420289855
0.414855072463768
0.440217391304348
0.38768115942029
0.0144927536231884
0.371376811594203
0.179347826086957
0.375
0.33695652173913
0.452898550724638
0.47463768115942
0.342391304347826
0.0471014492753623
0.344202898550725
0.353260869565217
0.423913043478261
0.369565217391304
0.0797101449275362
0.326086956521739
0.101449275362319
0.0144927536231884
0.434782608695652
0.278985507246377
0.481884057971015
0.00362318840579712
0.307971014492754
0.268115942028985
0.235507246376812
0.329710144927536
0
0.315217391304348
0.282608695652174
0.0344202898550725
0.0489130434782609
0.230072463768116
0.331521739130435
0.148550724637681
0.422101449275362
0
0.376811594202899
0.344202898550725
0.213768115942029
0.300724637681159
0.101449275362319
0.130434782608696
0.239130434782609
0.130434782608696
0.384057971014493
0.172101449275362
0.192028985507246
0.177536231884058
0.297101449275362
0.166666666666667
0.304347826086957
0.159420289855072
0.0072463768115942
0.0144927536231884
0.371376811594203
0.188405797101449
0.208333333333333
0.313405797101449
0.405797101449275
0.380434782608696
0
0.380434782608696
0.141304347826087
0.0833333333333334
0.103260869565217
0.00724637681159424
0
0.376811594202899
0
0.0978260869565217
0.0760869565217391
0
0.0398550724637681
0
0.0833333333333334
0.0797101449275362
0.0163043478260869
0
0.253623188405797
0.48731884057971
0.181159420289855
0.333333333333333
0.429347826086957
0.320652173913043
0.423913043478261
0.367753623188406
0.175724637681159
0.144927536231884
0.0960144927536232
0.0144927536231884
0.297101449275362
0.184782608695652
0.431159420289855
0
0.168478260869565
0
0.242753623188406
0.182971014492754
0.239130434782609
0.0471014492753623
0.0181159420289855
0.126811594202899
0.13768115942029
0.115942028985507
0
0.364130434782609
0.405797101449275
0.458333333333333
0.313405797101449
0.204710144927536
0.0833333333333334
0.148550724637681
0.355072463768116
0.22463768115942
0.351449275362319
0.0960144927536232
0.438405797101449
0.0923913043478261
0.0434782608695652
0.286231884057971
0.0181159420289855
0.33695652173913
0.0036231884057971
0.181159420289855
0.347826086956522
0.188405797101449
0.114130434782609
0.101449275362319
0.246376811594203
0.105072463768116
0.329710144927536
0
0.326086956521739
0
0.184782608695652
0.327898550724638
0.338768115942029
0.431159420289855
0.0815217391304348
0.0797101449275362
0.260869565217391
0.159420289855073
0.0471014492753623
0.123188405797101
0.0652173913043478
0.153985507246377
0.398550724637681
0.307971014492754
0.416666666666667
0.438405797101449
0.22463768115942
0.155797101449275
0.47463768115942
0.452898550724638
0.0471014492753623
0.476449275362319
0.476449275362319
