0.606507846080902
-0.0378534839137323
-0.0823105090081757
0.420264712388377
0.0472602997930682
-0.141941819924218
0.57561083105842
-0.461318748598751
-0.145295776542643
0.145295776542525
0.0905905565010521
-0.248631647511074
0.28681572325139
0.396359396033526
-0.217453782493411
-0.510954460627687
-0.0597946949572012
0.0884097292799453
0.211221384693033
-0.36840600190674
0.298343608833193
NA
-0.538664719281464
-0.629267471499872
0.629267471499173
0.039413947595154
0.100897781849966
-0.476453689798589
-1.05856838808225
-0.254414905512281
-0.0459277936524813
0.0975221726615558
0.165780542409795
-0.460894438831613
-0.225650096748971
0.137907381947166
-0.692775501920565
0.246168228940872
0.376857894315025
-0.424093817846021
0.109557570657969
-0.0532139911893434
0.543928279884664
-0.152113725475656
0.281706806880493
-0.168573508160305
0.471405043837336
0.189553244865781
0.223535152263118
0.0989624146711066
NA
0.00735639633416696
-0.357795621710295
0.374066550653399
-0.301806814111444
-0.0386521391679366
0.1501512624568
0.0111455181690161
0.164797127473211
-0.556090557274388
0.692441939556765
0.732367891404538
0.648765671927028
0.638243686053514
0.319567415658739
0.0215336634156529
0.361350305267999
0.299770597670772
0.299770597670772
-0.567486566181017
0.417332545551403
-0.122653363668483
-0.111907113789869
0.0242548318681628
0.551817487455965
-0.73672040403136
0.202036653139999
0.227180270885214
1.94887395300162
-0.423414535644442
-0.830391547334417
0.0137360488308893
NA
-0.0115880314030417
-0.789168542650838
-0.499826188504208
0.0818436937391862
0.00368772304544329
-0.281469118171996
-0.153914831659161
0.599400193703275
0.0379286171552842
-0.0960366985583851
0.387413333659808
0.242783596234833
0.820885085918007
-0.583305177587718
-0.137575275274781
-1.39651630651841
0.263681126709534
-0.398411547466992
-0.678070379729428
-0.562207836314593
-0.860060560087251
0.586249167267262
0.680575502164842
-1.2812359198681
-0.268957982692978
-0.00768593847613985
0.299484646673575
1.38300928806279
-0.12726848700294
0.0413488217885885
-0.320998084408718
-0.487797970234791
NA
-0.376299174123051
0.129484853162076
-1.35597240709771
1.31654540908032
-0.0317848142044213
-0.0897802177296452
-0.497109785820212
0.196211420012876
NA
-0.0765405786792694
0.109999024942917
0.474791810532029
-0.0392702628961707
0.19442652190434
0.0176647552106886
-0.425473743093036
-0.301440964043197
0.0150607928463451
-0.158141769541125
-0.588264090106911
-0.554685723045893
0.289090044205906
0.0875404962286055
-0.170920290842133
-0.154003514468542
-2.39462546808387
1.01485194053117
-0.271024484869956
0.149334086394852
0.397668838322954
-0.115894639559507
-0.370299742158977
0.0318828194884748
NA
-0.0891904550819724
0.203782096762158
0.164309043274315
0.345862766654292
-0.181930520141691
NA
0.164521909846615
NA
-0.197824993650883
-0.749297844136436
NA
-0.227191714523135
NA
0.379317994060358
-0.326513892487324
0.704271757152185
NA
-0.72034206460382
-0.299918546910298
0.345622475818715
-0.0259578568224281
0.467142283369043
0.625263268016589
0.603599980046347
-0.404736927030232
-0.193154522954075
-0.0600276841536598
-0.0752622791054769
0.197276316359992
-0.0207095341452153
0.20327956136321
-0.247728204405945
NA
-0.188553328902397
NA
0.0705568465006152
-0.356222180680255
-0.0568421244998767
-0.714648937702132
-0.0546302764510642
-0.408622793767256
0.234964206880058
-0.574574431095774
NA
0.319274995008783
-0.366208821819408
0.020460463238102
-0.29560498012254
-0.108634870111345
-0.254652486485142
0.172210631970309
-0.131076357123103
-0.108220449515859
0.191191386902325
-0.328273203291047
-0.215847553922927
-0.270184739011725
-0.956684245567844
0.261638254140051
-0.684621555991782
-0.284674227571056
3.99874624286496
-0.195168992594049
-0.21954912663251
0.320226953540844
-0.0149132514896309
0.641832931356163
-0.194163268415801
0.262008574123445
0.243253209795258
NA
0.258150740128629
NA
0.345321360940687
-0.398172949055635
-0.196776854563302
-0.154607851162705
-0.189774559548928
0.192890010128869
0.300648540403529
-0.248168307050094
0.800739855107651
0.0354972288012121
-0.920849294679694
0.362351822760282
-0.27494016903694
0.0313614642768663
-0.31301009559051
0.460162662028791
-0.184320507848842
0.0501251831953979
-0.0616248766052134
-0.0192910973938574
-0.282775465888136
0.277104865270575
-0.875722624118826
