0.204819277108434
0.353413654618474
0.497991967871486
0.269076305220884
0.180722891566265
0.244979919678715
0.0682730923694779
0.160642570281124
0.0602409638554217
0.0602409638554217
0.0763052208835341
0.156626506024096
0.261044176706827
0.291164658634538
0.0823293172690763
0.132530120481928
0.457831325301205
0.269076305220884
0.0923694779116466
0.0562248995983936
0.0160642570281124
0
0.373493975903614
0.0281124497991968
0.0281124497991968
0.269076305220884
0.036144578313253
0.0602409638554217
0.0160642570281124
0.293172690763052
0.196787148594378
0.208835341365462
0.421686746987952
0.21285140562249
0.285140562248996
0.136546184738956
0.196787148594378
0.0140562248995984
0.072289156626506
0.0542168674698795
0.0803212851405622
0.220883534136546
0.3714859437751
0.461847389558233
0.00401606425702816
0.224899598393574
0.0883534136546185
0.333333333333333
0.309236947791165
0.357429718875502
0
0.379518072289157
0.273092369477912
0.431726907630522
0.230923694779116
0.240963855421687
0.28714859437751
0.200803212851406
0.275100401606426
0.0562248995983936
0.315261044176707
0.301204819277108
0.0542168674698795
0.35140562248996
0.495983935742972
0.0281124497991968
0.0321285140562249
0.0240963855421686
0.0240963855421686
0.108433734939759
0.214859437751004
0.251004016064257
0.481927710843373
0.186746987951807
0.146586345381526
0.072289156626506
0.0200803212851406
0.0763052208835341
0.0160642570281124
0.112449799196787
0.0160642570281124
0.072289156626506
0
0.301204819277108
0.313253012048193
0.164658634538153
0.437751004016064
0.409638554216867
0.443775100401606
0.385542168674699
0.0160642570281124
0.369477911646586
0.182730923694779
0.367469879518072
0.337349397590361
0.469879518072289
0.48995983935743
0.347389558232932
0.0481927710843374
0.337349397590361
0.359437751004016
0.423694779116466
0.369477911646586
0.0803212851405622
0.321285140562249
0.104417670682731
0.0160642570281124
0.437751004016064
0.285140562248996
0.481927710843373
0.00401606425702816
0.313253012048193
0.263052208835341
0.244979919678715
0.329317269076305
0
0.309236947791165
0.295180722891566
0.0341365461847389
0.0421686746987952
0.238955823293173
0.323293172690763
0.136546184738956
0.411646586345382
0
0.389558232931727
0.34136546184739
0.204819277108434
0.289156626506024
0.0963855421686747
0.136546184738956
0.220883534136546
0.112449799196787
0.365461847389558
0.146586345381526
0.192771084337349
0.164658634538153
0.313253012048193
0.176706827309237
0.317269076305221
0.168674698795181
0.00803212851405622
0.0120481927710844
0.363453815261044
0.176706827309237
0.218875502008032
0.315261044176707
0.393574297188755
0.365461847389558
0
0.373493975903614
0.152610441767068
0.0843373493975904
0.102409638554217
0.00401606425702816
0
0.365461847389558
0
0.100401606425703
0.0803212851405622
0
0.0401606425702811
0
0.0803212851405622
0.0803212851405622
0.0180722891566265
0
0.240963855421687
0.473895582329317
0.168674698795181
0.329317269076305
0.447791164658635
0.325301204819277
0.42570281124498
0.373493975903614
0.174698795180723
0.14859437751004
0.102409638554217
0.00803212851405622
0.285140562248996
0.172690763052209
0.449799196787149
0
0.170682730923695
0
0.244979919678715
0.178714859437751
0.244979919678715
0.0481927710843374
0.0200803212851406
0.120481927710843
0.1285140562249
0.124497991967871
0
0.375502008032129
0.421686746987952
0.463855421686747
0.311244979919679
0.22289156626506
0.0883534136546185
0.14859437751004
0.357429718875502
0.236947791164659
0.357429718875502
0.102409638554217
0.457831325301205
0.0903614457831325
0.0481927710843374
0.285140562248996
0.0160642570281124
0.325301204819277
0.00401606425702811
0.192771084337349
0.34136546184739
0.190763052208835
0.110441767068273
0.104417670682731
0.240963855421687
0.104417670682731
0.345381526104418
0
0.34136546184739
0
0.182730923694779
0.319277108433735
0.327309236947791
0.409638554216867
0.0863453815261044
0.0763052208835341
0.257028112449799
0.160642570281124
0.0522088353413654
0.1285140562249
0.0642570281124498
0.15863453815261
0.393574297188755
0.305220883534137
0.413654618473896
0.433734939759036
0.220883534136546
0.156626506024096
0.453815261044177
0.453815261044177
0.0481927710843374
0.479919678714859
0.463855421686747
