-0.468884266810581
0.187801469025752
0.46577923847464
0.765180266911648
0.856315378657767
-0.508332007043298
-0.0257323478662022
0.531462979260619
-1.30228551681641
1.30228551681633
0.489525835890364
-1.63801333949408
0.541338693891247
0.264204582354131
-0.345153402727652
-0.14478026248896
-1.24179129669608
-0.682865137042528
0.90906129221429
0.377759618271543
-0.940120730846736
NA
-0.474168556186489
-1.8289455158048
1.82894551580472
0.514075565672153
0.304338447315838
1.12315142419309
-1.40008799687165
-0.221453881344494
-0.424194061770219
2.40573635284441
-0.809371913817599
-1.05935578078878
-0.766663193413305
1.10340620860568
0.174779842122683
-0.224735669179102
-0.698607512109363
-0.668206064197033
0.626948706327301
-0.463287841237357
2.96614670395174
-1.14594518883418
-1.4615028931816
-0.634362102424661
1.25191707711168
1.43107333054993
1.46942006437923
-0.94328351620533
NA
-1.68495511687695
-0.11628274785883
-0.42492920843012
1.32334021944979
0.0314496152254597
-0.230645312074502
-1.12406320905084
-0.44053332953767
1.36772014914956
2.10541595082536
1.95071639537981
1.08192161099473
1.71300595079388
1.88110906538281
-0.187800128332995
-1.58894898207542
-0.084457626698366
-0.084457626698366
-0.257097478880417
1.33369406190289
-0.390147699265432
-1.0137778760674
0.101715501295256
1.99558426505776
0.360271949449567
0.28740414948262
1.60811178619766
0.454449379163748
-0.642593396159665
0.162914077709076
-0.954059596478901
NA
-0.382612057408051
-2.54252542155743
-2.56121823297587
-0.0649491487059841
0.754530692509544
-1.38105601179855
-1.36060273408581
0.990320797799661
0.0422089462625009
-0.143183305041886
1.07297158201296
-0.174998304455749
0.952096758406678
-0.543543728927841
-0.950750246170659
-0.760750126073612
-0.0244619555058782
-1.0552986564822
-1.48249389313291
-0.945091585658295
-0.0883671345182079
-0.362871732514807
0.243374845669173
-0.50436907601224
-0.459448500196724
0.842463471726963
0.0947831448678761
-0.7809887056913
0.940668013925845
0.407624803599084
-1.8645360959518
0.315136680916857
NA
-2.19227691727525
-0.190889932643446
-0.498786237138466
0.899941294194179
-0.222280065852676
-2.09558724303411
-1.03820110264615
-1.12235018581909
NA
0.482765666318914
0.579602450917237
0.259298163899617
0.539180691850417
-0.399929801689674
0.321933396770191
-1.26580421071843
-0.815510695785684
0.0907690082113146
0.724549916471862
0.349320253379568
-0.788386655727563
-0.34476057185471
1.06436955599164
-0.793168942921425
-1.42011853963411
0.100392349712672
-0.321975128263654
-1.26906618131528
1.4202122478509
0.952638097246505
-0.464251275033416
0.715381631303432
-0.376046843381413
NA
0.0710085300004735
0.689959984029084
-0.688983325820453
1.19880133912665
-3.6162095008476
NA
-1.38439232267485
NA
-0.869037383416606
-0.72476243920255
NA
-0.276912226723438
NA
1.15823428805168
-0.759815789250739
-0.514885546234756
NA
-1.28877964750534
-0.634478020571559
1.39455394714191
0.504641014164316
1.60677667421211
0.914907292976991
-1.15800254954667
-0.567430815581789
-1.40598770895408
0.0844774294792334
-0.924836837032316
-1.00481317720018
-0.486103208366125
-1.18730422608928
-0.216204923323022
NA
0.0854470880304049
NA
-0.0820654552566267
-0.726987124875957
1.40856561541946
-1.57890190254556
0.755796649723008
-1.98042436236971
2.08530362264138
-0.116337680577344
NA
-0.0565219888751954
0.483619434110152
0.74149126076419
-0.0719079230567079
0.368368462728519
-1.2000676203504
0.284276144034148
-0.167844701433602
1.1312894531905
-0.109828737517891
-0.619057651833477
-0.439789547274255
0.119942072384379
-1.22026789279304
0.680992711210742
0.181162218013281
0.122010283232307
1.43307057174357
-0.962601423137882
-2.53231982125984
-0.241522624599695
0.605154575933202
0.527789818703833
-0.619302042195372
0.22758157589925
0.0108280376250376
NA
0.0240496728170304
NA
-0.32455775422537
-0.269251298719383
-0.786082456948176
0.0160582380112334
-0.60689574768181
0.104453690681379
0.601496857422835
-1.17134870530749
0.533191076257502
0.209294703913381
-0.327801644352326
0.104864672124914
0.782520153020743
-0.0508228332353907
0.058285754052987
0.472545340333302
-1.28219399698303
0.81747100174995
1.08007418209187
-2.17346024727974
0.531751094535423
-2.75504373627162
-1.53114206938358
