0.804963656792704
0.251937289912592
0.180490481860474
0.14080789151313
0.286667638753389
0.11514458767387
0.366162283636834
0.0971145730368129
0.0286964290285311
0.0286964290285311
0.952005249334379
0.556224567511278
0.0326208198547817
0.181137192530304
0.0461568294238927
0.859397445845754
0.449303772883013
0.018955395959746
0.620309030699887
0.121612509511214
0.274833379595506
1
0.179781814450328
0.21662288294762
0.216622882947599
0.122552483532109
0.951028934238001
0.419706107984552
0.748836614593267
0.137188524465654
0.887401875068483
0.620880218918274
0.199872499016551
0.287196592410257
0.13383639342178
0.317425678778541
0.977665070657764
0.234776167498747
0.175117370207184
0.939311601697631
0.435646745591116
0.75729978943687
0.0150409348172998
0.225344021580325
0.266678151947138
0.679603094440812
0.247264721617905
0.457952291981392
0.350812597965954
0.0234247240991928
1
0.90825487261724
0.0868579026235934
0.297175902464221
0.749493242788535
0.632620163540445
0.142142239055497
0.0917919167761053
0.0588191972439617
0.0109287377333062
0.174441653751478
0.222641212794851
0.648097938171546
0.061344679494654
0.803921630366313
0.385865799677883
0.844001676932231
0.268956884814836
0.268956884814836
0.758412410662224
0.214395070434133
0.408226619723177
0.938513606471024
0.330521831483154
0.233105489208242
0.271851506573592
0.31222448475599
0.712885472645145
0.815322938141094
0.975714364335056
0.322183609192487
0.351727116479085
1
0.34827496533094
0.680246857138204
0.372026985598336
0.0214351887449066
0.151073008661509
0.0323967416388542
0.10162070481255
0.439874004801262
0.0962874631581965
0.354598078147157
0.0683109671307909
0.619224097449283
0.0130462414912862
0.188813582806366
0.199225754199158
0.17401950245072
0.556695873093019
0.390691775370952
0.318307463497853
0.430862831639479
0.114656661989075
0.290599447579164
0.133541678624973
0.899825185807033
0.988555783764447
0.0476280245147951
0.746345129700795
0.163365332137671
0.475675932408093
0.176620345646552
0.0744167069502412
0.772807179519306
1
0.251820766701349
0.562418676695751
0.51633461689862
0.733557149289337
0.967579447059852
0.00601538681488931
0.0432982132421328
0.398116573122913
1
0.0346875304542896
0.0578507717225595
0.362880519852769
0.443530656758393
0.287197845455525
0.808061211983212
0.0417834091411451
0.0869726346527948
0.0284972346629943
0.451081553804835
0.294916714904177
0.417343668029951
0.496637847412546
0.547321032385732
0.267079114382782
0.364518882758153
0.442335557174112
0.0743734107338827
0.237698050810915
0.467023464904667
0.623700222215057
0.41544958624793
0.0653732618895343
0.565401753980256
1
0.464878621339104
0.263746719759066
0.918175863524359
0.4483338060483
0.555237643357666
1
0.565523589880976
1
0.437175081614748
0.305406169414586
1
0.522859412126799
1
0.813257713746782
0.409267421023782
0.889663374038018
1
0.209058054986573
0.885331824733696
0.0112593494226877
0.370392973945506
0.298309831875444
0.80033851741223
0.595787794097082
0.731843510360338
0.561230840829278
0.170283726244565
0.153145100646681
0.211297439144353
0.0350471237135584
0.154017627496651
0.489152823005436
1
0.740099098036631
1
0.280538597437849
0.857817074463391
0.86577298142098
0.956311922499494
0.318507020514428
0.470418974393248
0.42286167867462
0.736373191471838
1
0.917294498243682
0.868843916731895
0.680906123375932
0.437915029084524
0.92302305996284
0.354620407679605
0.119210179231726
0.898011204941285
0.344411715611089
0.991922422055149
0.652416817720346
0.329212596993912
0.421396715018291
0.0537890811536008
0.500966686936294
0.390636094430932
0.315487585771881
0.304412785706944
0.562418308664866
0.102519192311138
0.530776197347749
0.334449006577291
0.0869028133340989
0.479132320654253
0.0127295227512995
0.870277877097105
1
0.968736835717553
1
0.184847743614792
0.723601214487985
0.933540735980725
0.832872903711988
0.217349931163368
0.0693761840594462
0.651249937689643
0.951869333310071
0.850700909230534
0.858661560798649
0.466510314958133
0.413340410740451
0.57248497041963
0.631304073489481
0.0558764575810839
0.0153260803720688
0.68670404728119
0.344609448238042
0.171014452655885
0.0253776414271769
0.239774440865798
0.309485841040007
0.245726978005122
