0.639523847947755
0.851170780302403
0.641742209779225
0.444820378641688
0.392568892683389
0.61162805376694
0.979489485123477
0.595527007003499
0.193908432702771
0.193908432702798
0.624859713665509
0.102562555921031
0.588712424796432
0.791820170933709
0.730242895694477
0.884990416860932
0.21537162092016
0.495266916220632
0.364113780688251
0.70590057236934
0.34798067269425
1
0.635755980963662
0.0684906640887757
0.0684906640887879
0.607611999064277
0.761100226659605
0.262352750603427
0.162614134346645
0.824903392055545
0.671755932408125
0.0168002578790301
0.419000981376484
0.290367352373135
0.443939428360369
0.270815412859084
0.861381237033176
0.822351809941876
0.485387712060683
0.504562506011225
0.531212998460309
0.643524496937242
0.00328044624978436
0.252814026829251
0.145019183927046
0.526371884926135
0.211663837444317
0.153544588836244
0.142861944319356
0.346363863182748
1
0.0931316598802513
0.907513329068424
0.67122056933112
0.186821423262838
0.974933786282612
0.817761854608051
0.261966451747169
0.65989696192003
0.172516355018695
0.0361619366212507
0.0521063799746153
0.280235163028989
0.0878385121865347
0.0610135104242358
0.851171830300615
0.113220903808144
0.932754041843181
0.932754041843181
0.797295780305213
0.183407702343701
0.696729350914928
0.311579867336231
0.919056621618161
0.0469655135636007
0.718920323608923
0.774019336111473
0.108958132034971
0.649863916861718
0.521023340466919
0.870705737670365
0.340891337693258
1
0.702302976426876
0.0115540872234065
0.0109644555664772
0.948261676438498
0.451176264515043
0.168382964650823
0.1747533641775
0.322887892900444
0.96636276030161
0.886250272321025
0.284224506822377
0.86120974011172
0.341883976498987
0.587195833070493
0.342566003577153
0.447458119976324
0.980501870404144
0.292214990711617
0.139353957753874
0.345441746185642
0.929649198262593
0.716979450144873
0.807896473237937
0.6144059150881
0.646275110025796
0.400260666466243
0.924556100979354
0.435480920056753
0.347700558017523
0.68386629625471
0.0633116997704426
0.75289687338344
1
0.0291976541591482
0.848752678095283
0.618328717166608
0.368938869918112
0.824260859240742
0.0370331386637599
0.300088421211814
0.262692540287363
1
0.629646208909292
0.562657256481017
0.795599194571428
0.59019842628798
0.689518685127048
0.747747731982682
0.206654501821501
0.415485797943743
0.927742214694128
0.469344183527751
0.727116231258303
0.431149652931718
0.730537896362938
0.288094991227882
0.428363191059814
0.156705861373886
0.920105993229462
0.747716151171179
0.205490504641899
0.156678610736945
0.341610027227936
0.642835033734774
0.474980186816172
0.707172007581634
1
0.943442578385389
0.490801190415597
0.491414636477914
0.231637201013609
0.000355543160693667
1
0.167360673623524
1
0.385584506821258
0.469213982226328
1
0.782055528888075
1
0.247773312102629
0.448015571145841
0.607046591233515
1
0.198557817859164
0.526296368112653
0.164275898233506
0.61421511850656
0.109250931321701
0.36104181661122
0.247867707038103
0.570884439118395
0.160856644452732
0.932738312285038
0.35586161146308
0.315870129137791
0.62728111199794
0.236132196338526
0.828988302966909
1
0.931968134675505
1
0.934654361332948
0.467852242650715
0.160093246415358
0.115508095177703
0.45041801940068
0.0486523101236899
0.0379638382867439
0.907469835188687
1
0.954967023679212
0.629040834895543
0.459028373657283
0.942727453437842
0.712881913006833
0.231145886798062
0.776412700305569
0.866828822223607
0.25891886075464
0.912625303136536
0.536390863911399
0.66043496205042
0.904616614685902
0.223408701981865
0.496449110604087
0.8563736968287
0.902979984670253
0.15297352757051
0.33659323552235
0.0118878043889046
0.809330075731886
0.545575337793013
0.598070812801378
0.536230120170213
0.820140651654504
0.991368495764144
1
0.980830428463044
1
0.745762548155309
0.787938212624944
0.432495988453962
0.987199574472443
0.544420823491525
0.916885457013969
0.548004622371843
0.242472543035865
0.594331951977248
0.834373141766088
0.74331106621115
0.916559635073523
0.434582239925141
0.959503591051513
0.953563344640241
0.63691238328417
0.200854424606234
0.414366989579903
0.281055478723875
0.0305990309840508
0.595327686084215
0.00626020640028166
0.126883797796784
