1.37569761676774
-0.125058531015355
-0.308599818680673
1.36806347135025
0.135795194680463
-0.45338187465583
1.21611413457983
-1.31822761170916
-0.264321033776557
0.264321033776342
0.183060263139646
-0.700820873309486
0.929826988350212
1.30444176631107
-0.459598515323967
-1.29555864585779
-0.212031547782209
0.275365680068385
0.428913704912339
-0.621839163146149
0.271108697029346
NA
-1.85852111544302
-0.708784319024795
0.708784319024002
0.128508762888502
0.16201228073039
-0.876106018519641
-1.0044199019014
-0.859677435548006
-0.13255803042986
0.297378603981827
0.612042518385063
-1.34062014232524
-0.726454506291617
0.378605550780525
-2.09617656397581
0.197910978855085
0.712941189093241
-0.726503258518047
0.227922314606462
-0.156703423498823
1.94566285661413
-0.547239541945695
0.129958277794591
-0.497499866613726
1.03485318308043
0.641867423358884
0.757794236496276
0.345889910340562
NA
0.026509741157651
-1.09768155238346
1.3600525044021
-0.951463382731101
-0.119872166243305
0.49490167017552
0.0315770177872931
0.533338047148061
-0.924295101407638
2.41610811571091
2.54015678229263
1.09512838211923
2.33813299897545
1.12642873262555
0.025118192943363
0.454763350642769
0.344743147107624
0.344743147107624
-1.3705164918177
1.17509373351961
-0.326590305395048
-0.409337634812155
0.0692335605699001
1.35632594691727
-1.46625577702224
0.207008954341788
0.445376756428407
1.75662772162615
-1.00796783496654
-0.85361437261642
0.0280687123894512
NA
-0.0429273013379057
-2.60857176859753
-1.46387289382065
0.305603143859787
0.0127831095438463
-1.0717282265411
-0.524005709579219
0.560078908069724
0.13414718977422
-0.303681021100646
1.46689372216835
0.898338236916576
2.95143381108749
-2.06248416370213
-0.453967940622859
-2.12707132980425
0.942570831301219
-1.40521333100269
-2.45265790526965
-1.99564478367848
-1.7260496442192
1.83185400444146
1.4694306798208
-1.18392808102292
-0.985769191249136
-0.0257708822643482
1.15741676917671
0.654756131894299
-0.454188189961837
0.138845836407009
-1.07604052326295
-1.71608284997832
NA
-1.36751282213082
0.376859197001331
-1.89029594610243
2.01163527297494
-0.091453658154236
-0.308206309133862
-1.35957934028471
0.747737691435737
NA
-0.255767966745359
0.382559612618157
1.5374146996825
-0.126067929036727
0.42945037301606
0.0403722752236036
-1.27249714313611
-0.741986851240985
0.0534846349540781
-0.446220088341256
-1.8786432657801
-1.47880076518756
1.02416092909312
0.226550202707021
-0.593458577264185
-0.416910551423617
-1.85372886629539
1.06603341911407
-0.879469251024735
0.41718733017
1.20265389171838
-0.405822888883363
-1.36197704184735
0.11354402686354
NA
-0.30656655418603
0.476458827496793
0.358439639708926
0.730926096294293
-0.132592191920689
NA
0.602505706523226
NA
-0.354922407471723
-1.31371015045421
NA
-0.243589409376093
NA
0.636973930437713
-0.608121053343922
0.653203148043137
NA
-2.20128773394217
-0.997544566878841
1.04981732727111
-0.0889066712889439
1.56057881238336
2.18779106143091
2.17200496718348
-1.31460006658133
-0.526732287765643
-0.155972748004894
-0.15767536205558
0.197483109164596
-0.0697008999566368
0.570844415040918
-0.878874973227383
NA
-0.468692231467538
NA
0.163815284531224
-1.01832349727634
-0.175077049319304
-1.11000333335117
-0.0564204142931378
-0.939483466558625
0.56829417482008
-1.28349311633005
NA
0.981703001827851
-1.3595391431239
0.0742632242583044
-0.974210723887673
-0.296410250664469
-0.506377958288686
0.430176157316992
-0.441490504998924
-0.296138444242668
0.615902525563709
-0.54540188471214
-0.718641164313438
-0.542442066015698
-1.32764635267416
0.853002458285658
-0.684026916715871
-0.95424861038031
1.88219185255807
-0.469568139044293
-0.760328304520736
0.707225263805392
-0.0349614479177553
1.38937764777322
-0.608911966905589
0.586272460091724
0.739363401192265
NA
0.783125782812946
NA
0.971704817463244
-1.27798252639822
-0.606786156160077
-0.524364476682168
-0.35461395017536
0.402254124639187
0.988229862035189
-0.648307809942666
1.26034288804261
0.0797399537941405
-1.77885500779291
0.856910255978855
-0.954302295777468
0.101911791122246
-1.10055372081398
1.64959988100428
-0.588288913489856
0.133499790602117
-0.233656807349051
-0.0662728283463611
-0.593023942142301
0.961365190353154
-3.20712919632257
