0.487968843680867
0.48442400027733
0.484574327077455
0.487929283192243
0.484429289858901
0.484782687007598
0.487187672310628
0.487676440765134
0.484526414972653
0.484526414972653
0.484457753409413
0.485322079850456
0.486027360860823
0.487608154733426
0.484793406448657
0.487564533906527
0.484479371668
0.484537672641379
0.484741914209735
0.485124778666666
0.484533278979323
NA
0.490918101320214
0.485343280708632
0.485343280708633
0.484425652606025
0.484444035883045
0.485844129247213
0.486299859541635
0.485790271203332
0.484427649169091
0.484561484506958
0.485101948672368
0.487788888723084
0.48539117902547
0.484665187566913
0.492693173390282
0.484468438900944
0.485354442583041
0.485391312808914
0.484492575710571
0.484440840231367
0.491544199831089
0.484960062852141
0.484426360197811
0.484861918378706
0.486417073435086
0.485172580483169
0.48547903208068
0.484620421800774
NA
0.484395789534519
0.486670123718348
0.487888006708379
0.486104237722829
0.484421601106328
0.48485704854269
0.484396345447333
0.484931691999778
0.48600798921367
0.495419692148836
0.496580877468367
0.486659549806295
0.494719540423706
0.486790879100458
0.484395653847616
0.484785056490451
0.484618925992096
0.484618925992096
0.487941970852016
0.487002416363218
0.484595909568833
0.484710921846466
0.484403515155484
0.487868888243057
0.488454914409615
0.484475396651346
0.484769098688074
0.490222393098232
0.486313344263904
0.485770652136775
0.484395950233918
NA
0.484397942587703
0.497246160070342
0.488441727459183
0.484570850863876
0.484394770867038
0.486563785461
0.484913055619185
0.484986914506337
0.484428449655363
0.484568639012516
0.488458448457768
0.485918636763538
0.500846550192396
0.492428542603001
0.484783691337015
0.492939599322429
0.486072427322727
0.488123866383801
0.495755784563566
0.491916255784088
0.490021262407423
0.490732234697178
0.488472517747666
0.487041776931625
0.4862297552424
0.484395716579162
0.486924543486216
0.485204143480303
0.484784069109271
0.4844308722417
0.486581277928732
0.489956467928469
NA
0.487926438215073
0.48466269583475
0.491143075366082
0.492037278354901
0.484410258606727
0.484573868662393
0.487885576313473
0.4854504368437
NA
0.484518013518328
0.484670871870787
0.488858593799006
0.484424479028502
0.484742784235759
0.484397540618239
0.487452681074782
0.485434256333994
0.484399864970968
0.484770518798068
0.491060128517345
0.48852469245812
0.486375493527866
0.484491397963366
0.485059636983903
0.484722739428342
0.490884501919699
0.48654079258751
0.485855280695438
0.484723175446607
0.487126182657799
0.484705510666197
0.487897900758964
0.484418811377798
NA
0.484571964742966
0.484823213772908
0.484637115984784
0.485403487093485
0.484427666276479
NA
0.485080072421007
NA
0.484632377211065
0.487653985148889
NA
0.484506527692092
NA
0.485160761215666
0.485092911733826
0.485200307149139
NA
0.493546305078903
0.48627386362373
0.48647599092462
0.484409391000519
0.488994128686397
0.493434424420403
0.493304438657068
0.487658402690274
0.484918466491924
0.484440408737871
0.484441417325912
0.484468119381994
0.484403637785643
0.485009908932353
0.485853307144544
NA
0.4848093498266
NA
0.484445145413918
0.486352975233047
0.484452353552427
0.486721500334302
0.48440047436189
0.486061453068539
0.485004422215086
0.487505763137771
NA
0.486214645706139
0.487885369880799
0.484404878281615
0.486186968738846
0.484560398529496
0.484878751141845
0.484743962580334
0.484762589235844
0.484560094343871
0.485110900711441
0.484956270600943
0.485369854058893
0.484950189438057
0.487723507810031
0.485768679797718
0.485278155030019
0.486114262457598
0.491085333978626
0.48481090198694
0.485486297823538
0.485339111221712
0.484396770764841
0.488040284917746
0.485094729702143
0.485043625476307
0.485426916512777
NA
0.485552754015533
NA
0.48617775907535
0.487479104174827
0.485089848741899
0.484913765985241
0.484631963854702
0.484700064065489
0.486238929171501
0.485188273829656
0.487394538931815
0.484406471245403
0.490370812298489
0.485781299843778
0.486114455972692
0.484414077943567
0.486682048186082
0.489533859157486
0.4850480986816
0.484428122398009
0.484497574859676
0.484402757426625
0.485058663023977
0.486140009907242
0.503820661410435
