0.243311153819422
0.247149214648326
0.248629614820922
0.24978727951406
0.246604244659777
0.25075367234424
0.245626196730729
0.251588629878728
0.257902866497825
0.257902866497824
0.243135745922825
0.244184380855229
0.257216696557872
0.248613252731967
0.255381803509421
0.24322063359316
0.244877180851089
0.260150794877778
0.243875601221424
0.250488918322269
0.24678016999771
NA
0.248647622913725
0.247807656688407
0.247807656688407
0.250451749935103
0.243136201809869
0.245118544359792
0.243438222148618
0.249911022530509
0.243185979927492
0.243873148925909
0.248166844832946
0.246596597642201
0.250028955174571
0.246187516342084
0.243127064205387
0.247454136704092
0.24876824670225
0.243142393938878
0.244985435018381
0.243416768375215
0.261421591039219
0.247633534422256
0.246907066960467
0.243646477077438
0.247229656068936
0.244811242572326
0.245791496493798
0.258998066761819
NA
0.24316528075775
0.252143499512441
0.246455621009832
0.243436527658215
0.243823841735154
0.249742562611288
0.251868121631134
0.254122648929847
0.263194003565189
0.248786029513253
0.247686619126767
0.24376195896
0.253906364228352
0.243313193652601
0.245427655300875
0.243243090447742
0.246871123968162
0.246871123968162
0.243414009921815
0.247853487050815
0.245219187817466
0.243142864119034
0.246025803346497
0.24748526949714
0.246826013265088
0.246254205727566
0.243538884312272
0.243291512680254
0.243127501314876
0.246127758402911
0.245781371088784
NA
0.245819782694181
0.243644258773724
0.245565557368754
0.259480102531213
0.249455007425595
0.257253484287068
0.251364835848224
0.244951372928441
0.251630944448179
0.245749817136216
0.253355972246336
0.243880272971702
0.262208707023679
0.248424085639541
0.248181422837449
0.248797179777044
0.244181851470244
0.245381208566707
0.246176352552276
0.245024597723896
0.250774311728375
0.246547829436468
0.250039482223974
0.243173128492265
0.24312529645566
0.255217733046178
0.243444697781738
0.249089398383378
0.244682114248719
0.248728976369038
0.252921105841656
0.243379604734279
NA
0.247151198258466
0.244151461581775
0.24441386628535
0.243479094236098
0.243129719158109
0.266556833584781
0.255717082150543
0.245311339008306
NA
0.256889418644693
0.254208234180793
0.245660723452231
0.244922312684745
0.246596579548424
0.243305159607744
0.255904386846039
0.252136904167689
0.25794027884078
0.24486346457918
0.246486998807843
0.245138919895121
0.244539182214231
0.244232936552281
0.24690071466365
0.245643432582841
0.24493176957185
0.25292405214417
0.247400330193111
0.244744169138501
0.243861114813676
0.245155380530059
0.253580371124746
0.244135854984848
NA
0.244759839487971
0.246953874242356
0.24315694259948
0.244884700354715
0.244189690653961
NA
0.244135220959978
NA
0.244973061770995
0.246343865450448
NA
0.244374169000041
NA
0.243295336183558
0.24520989098011
0.24318352596993
NA
0.247965631397155
0.243188270977921
0.263027784348781
0.245582317537843
0.246439987527424
0.243320297874247
0.24398569532123
0.243483852324562
0.244157720522784
0.248897236572025
0.24939104667446
0.247918165311599
0.256834575209006
0.249364408109777
0.244589049931291
NA
0.243461254458474
NA
0.24669418287652
0.24322282653916
0.243212045853029
0.243133844992195
0.246173831725162
0.244719596647339
0.245091594331092
0.243471352042109
NA
0.24315764418216
0.243208057033234
0.243641992779013
0.244967095038035
0.243153220292255
0.245749573093159
0.250585384488732
0.243174909258058
0.245863388654785
0.243124980713362
0.24374530935274
0.246041583992888
0.245104068179097
0.254584664650942
0.244510916995369
0.245381739760681
0.246212197568717
0.246357145913462
0.244151463517062
0.251321517842452
0.244327169065515
0.245978964792871
0.252140916700781
0.244657835653378
0.262345075423943
0.243206227254373
NA
0.243129364717382
NA
0.248520670270669
0.243507235788368
0.243145933732084
0.243260853045111
0.247792821830434
0.253277159142459
0.243749781564124
0.243135808835591
0.243233018517717
0.243221651537395
0.244747907714856
0.24517384220023
0.24409943133187
0.243829266149525
0.254387559904602
0.261317995359248
0.243622313032454
0.245861140654544
0.248877466953633
0.258564790262831
0.247362580880487
0.246289908495187
0.247256539247486
