0.273115505726215
0.272628992943315
0.273107856398658
0.274079259440655
0.274468756266004
0.273217110760219
0.272537777295829
0.273280504155257
0.277006107200918
0.277006107200918
0.273167648783983
0.279607950962258
0.273308428975057
0.272720017319245
0.272850029917023
0.27259128061195
0.276600461845997
0.273765089773214
0.274714186808271
0.272912158127925
0.274865569307146
NA
0.273128640573169
0.281352688944259
0.281352688944258
0.273232588499302
0.272780159161834
0.275860935410829
0.277702729943016
0.272665293473847
0.27301030849649
0.287790549224358
0.274262659575098
0.275493949735192
0.274085246815088
0.275745058148547
0.27261654856894
0.272669152985006
0.273822410930696
0.273712887772899
0.273572047944631
0.273101755519044
0.295725333119111
0.275997259138254
0.278165946071623
0.27359669367697
0.276667016215556
0.277933948773323
0.278227107390767
0.274881269886209
NA
0.280019089468159
0.272571671644211
0.273011953804211
0.277151815516528
0.272538638983675
0.272676246125011
0.275866335977536
0.273047548885685
0.277466599375715
0.284219673535845
0.282565795088198
0.27562130785904
0.280270316623313
0.281862782503808
0.272628991616046
0.279190637480753
0.272554832996889
0.272554832996889
0.272710252044073
0.277224326052484
0.272937231644443
0.275244901158761
0.272563301501135
0.283032484583
0.272878140089808
0.272753747092296
0.279352115107033
0.273080376023515
0.273624397918668
0.272605987171943
0.27493515999969
NA
0.272921883101561
0.289574596935484
0.289826055181947
0.272547150611573
0.274036601915796
0.277563218455006
0.277415416997254
0.275120994278426
0.272540727851248
0.272590068526342
0.275570474056689
0.272616749974588
0.274925298444727
0.273314734199819
0.274918545136366
0.274061441616793
0.272537609224084
0.275471336633938
0.278328827985728
0.27489026912508
0.272556613859667
0.272883095323168
0.272692150320567
0.273206532842277
0.273092417887742
0.274406733830604
0.272559711101
0.274143683537761
0.274868282336191
0.272973981103197
0.28169916514904
0.272797790245152
NA
0.285203599538344
0.272632075636762
0.273191771505909
0.274670702122421
0.272666259751882
0.284110842731134
0.275376993716913
0.275856193236484
NA
0.273150324452495
0.273421479563093
0.272713247361555
0.273302283056242
0.272957602267168
0.272809202953694
0.276759172014982
0.274288950544787
0.272557747919031
0.273919722745851
0.272857657134256
0.274174284890785
0.272849315580329
0.2755220147717
0.274194220179166
0.277851623545336
0.272562596653591
0.272809273779335
0.276780966078178
0.277852325079784
0.274928016173561
0.273104110874816
0.273884926502058
0.272908755123228
NA
0.272549321984547
0.2737907618295
0.273787212131369
0.276323917541773
0.307003515091968
NA
0.277587536825209
NA
0.274526610595171
0.273920534584619
NA
0.272738141504072
NA
0.276071893489092
0.274057696967747
0.273234785225672
NA
0.27691387060139
0.273597081345671
0.277661966427102
0.273207256058327
0.279340801892845
0.274742291487108
0.276070478726493
0.273384681297384
0.277746364704524
0.272554841814448
0.274790440694017
0.275197204664965
0.273158847485203
0.276251610455716
0.272659238515296
NA
0.2725552761019
NA
0.272553783045612
0.273929047195217
0.277765488718041
0.279106748102501
0.274041641474604
0.282873613031521
0.283997519937255
0.272571705324931
NA
0.272544452519695
0.273152499117658
0.273985185826985
0.272549660777341
0.272893689491832
0.276331923975205
0.27274903381352
0.272610285659227
0.275909292537597
0.272567825242095
0.273546132557189
0.273045823086694
0.272573950038373
0.276460789042564
0.273758358826752
0.27262253632492
0.272575268984543
0.277949026218371
0.274978311755293
0.289438087156581
0.272689783065017
0.273501271447533
0.273270249007147
0.273546930245609
0.272672545847135
0.272536341062325
NA
0.272537556507973
NA
0.272813674811426
0.272727113257204
0.274164722720078
0.272536711701551
0.273506833878945
0.272564789455653
0.273489638372795
0.276152418276991
0.273285353455043
0.272651488662988
0.272819252515445
0.27256501619764
0.274149994634193
0.272542840040859
0.272544986240765
0.273124590177661
0.27686924349685
0.274297387924289
0.275610780365504
0.284987077174745
0.273281311556484
0.292541992227531
0.278715248130336
