0.170047037611541
0.900569590259794
0.757862179622031
0.172421301685256
0.892083633914726
0.650635269463162
0.224995771234416
0.188536470231887
0.791732719583949
0.791732719584114
0.854887110353182
0.48401388890589
0.353285138511797
0.193185663372653
0.646171546052273
0.196225980153129
0.832241218690292
0.783244375493363
0.668325525904759
0.534568490550085
0.786513061771072
1
0.0641751885811801
0.479065357407584
0.479065357408075
0.897841330039038
0.87141646691115
0.381745449186535
0.316068958443139
0.390723917340879
0.894640934746585
0.766404466015319
0.541020895189429
0.181162402744302
0.468184870044744
0.705276140091857
0.0369905060475713
0.843262541798706
0.47649332856927
0.468155042238024
0.819877874136243
0.87559483781848
0.052725249278506
0.584662884635147
0.89669549082871
0.619238530547833
0.301656655084643
0.52149982362862
0.449230193420233
0.729692830754071
1
0.978870202768304
0.273314334141369
0.174939478429268
0.342213887857737
0.904672905342513
0.621069055040188
0.974832529229502
0.594235114375165
0.356151941169231
0.0163463486908647
0.0116369167210666
0.274429154059503
0.0201052973806369
0.260976905996899
0.97997910660892
0.649642233929331
0.730553887422621
0.730553887422621
0.171655694537896
0.240984852115047
0.744228936763279
0.682614049092517
0.944854579808558
0.176120252187833
0.143733738660667
0.836157751046228
0.656401761996751
0.0801065304891795
0.314365732888256
0.394069798410321
0.977627930909152
1
0.965790980612382
0.00959486962171377
0.144383387324106
0.760140575538895
0.989810202955105
0.284792110439242
0.600701282674171
0.575886587618778
0.893385388500845
0.761603084627671
0.143560197888914
0.369799768648124
0.00343879191490326
0.0401111057438244
0.650213915972559
0.0343140860234807
0.346736882367431
0.161098938393891
0.0148088422758687
0.0469697763939448
0.0854740543341067
0.0680666277241823
0.142871665853823
0.237475129041076
0.325122438872082
0.979458983331098
0.248117493958038
0.513178067938712
0.650055596253406
0.889674714374983
0.28286263152335
0.0872854772186257
1
0.172593516105208
0.706572078536245
0.0597813792578301
0.0452445265804803
0.927199442265271
0.758161247969493
0.175089072142001
0.455264357016351
1
0.798323323314609
0.702345080837224
0.125354224802729
0.899771288166661
0.66793548038688
0.967825950792467
0.204283225283231
0.458735516489221
0.957385033413885
0.65579328866009
0.0613626561745308
0.140350690409726
0.306669242874559
0.820943678647412
0.553367460642777
0.677072671158147
0.0648605674604548
0.287353863996351
0.37992320886671
0.676870472387175
0.230156131340132
0.685191795635692
0.174332012601205
0.909683020394881
1
0.759407857605413
0.634130047400518
0.720292366594555
0.465453448752543
0.894613941993168
1
0.547339528305066
1
0.722922761140354
0.190050727078879
1
0.807732446782865
1
0.524677557639076
0.54361462791731
0.514177073739767
1
0.0285556661507214
0.319386849032742
0.294733962328384
0.929221507095179
0.11978587510346
0.0295359172997259
0.0307192510846026
0.189751716155635
0.598808792940088
0.876170196576694
0.874829602820907
0.843596994582424
0.944482940583981
0.568576417810713
0.380244804144444
1
0.639665045357963
1
0.869998215286371
0.309429148296429
0.861149345856523
0.267977935088116
0.955048317026244
0.348316109141018
0.570304086609209
0.20041175327588
1
0.327118569102407
0.175101785141091
0.940855524158731
0.33081750899677
0.767142993631275
0.613001540120604
0.667408130351553
0.659208692605406
0.767350328697432
0.538473898027564
0.585924106842499
0.47297891657027
0.587958156222258
0.185408109878453
0.394408447327153
0.494540512094222
0.340805083162831
0.0608774637447941
0.63903979720555
0.44771692018279
0.48003197159546
0.972136124943183
0.165854233690179
0.543091001901774
0.558178631370598
0.460323950535481
1
0.43423457005814
1
0.332060724581863
0.202345141850163
0.544498972054241
0.600452110911145
0.723153601400259
0.687812935807874
0.323918351271634
0.517332797158074
0.208625846708054
0.936502717184367
0.0763803105782121
0.392248818251258
0.340777965126254
0.918901777892147
0.272063952597434
0.100179125218379
0.556826535369908
0.893896846561612
0.815427178873661
0.947209300482887
0.553657871314379
0.337222414823781
0.00150092078039565
