0.193548387096774
0.351254480286738
0.487455197132616
0.275985663082437
0.17921146953405
0.254480286738351
0.0645161290322581
0.164874551971326
0.0752688172043011
0.0752688172043011
0.0716845878136201
0.164874551971326
0.265232974910394
0.295698924731183
0.0824372759856631
0.132616487455197
0.448028673835125
0.261648745519713
0.089605734767025
0.0537634408602151
0.014336917562724
0
0.369175627240143
0.025089605734767
0.025089605734767
0.268817204301075
0.0394265232974911
0.068100358422939
0.014336917562724
0.315412186379928
0.21505376344086
0.211469534050179
0.419354838709677
0.207885304659498
0.275985663082437
0.14336917562724
0.200716845878136
0.014336917562724
0.0752688172043011
0.0555555555555556
0.0931899641577061
0.218637992831541
0.369175627240143
0.469534050179211
0.00358422939068104
0.222222222222222
0.100358422939068
0.347670250896057
0.326164874551971
0.349462365591398
0
0.385304659498208
0.265232974910394
0.422939068100358
0.234767025089606
0.240143369175627
0.295698924731183
0.188172043010753
0.267025089605735
0.0609318996415771
0.310035842293907
0.293906810035842
0.0519713261648745
0.345878136200717
0.485663082437276
0.0286738351254481
0.032258064516129
0.025089605734767
0.025089605734767
0.121863799283154
0.198924731182796
0.231182795698925
0.494623655913978
0.188172043010753
0.134408602150538
0.0752688172043011
0.017921146953405
0.0752688172043011
0.014336917562724
0.118279569892473
0.017921146953405
0.0788530465949821
0
0.301075268817204
0.315412186379928
0.168458781362007
0.433691756272401
0.412186379928315
0.439068100358423
0.387096774193548
0.014336917562724
0.370967741935484
0.17741935483871
0.381720430107527
0.336917562724014
0.451612903225806
0.473118279569892
0.342293906810036
0.0501792114695341
0.344086021505376
0.353046594982079
0.422939068100358
0.369175627240143
0.0788530465949821
0.32258064516129
0.100358422939068
0.017921146953405
0.433691756272401
0.279569892473118
0.480286738351254
0.00358422939068104
0.304659498207885
0.265232974910394
0.232974910394265
0.329749103942652
0
0.318996415770609
0.279569892473118
0.0340501792114696
0.0519713261648745
0.227598566308244
0.338709677419355
0.146953405017921
0.424731182795699
0
0.379928315412186
0.347670250896057
0.21505376344086
0.304659498207885
0.103942652329749
0.129032258064516
0.240143369175627
0.132616487455197
0.387096774193548
0.181003584229391
0.189964157706093
0.175627240143369
0.297491039426523
0.164874551971326
0.308243727598566
0.157706093189964
0.00716845878136201
0.014336917562724
0.367383512544803
0.189964157706093
0.206093189964158
0.313620071684588
0.405017921146953
0.383512544802867
0
0.383512544802867
0.139784946236559
0.0824372759856631
0.102150537634409
0.00716845878136196
0
0.376344086021505
0
0.0967741935483871
0.0752688172043011
0
0.039426523297491
0
0.0824372759856631
0.0788530465949821
0.0161290322580645
0
0.254480286738351
0.482078853046595
0.182795698924731
0.336917562724014
0.424731182795699
0.32078853046595
0.426523297491039
0.370967741935484
0.181003584229391
0.14336917562724
0.0949820788530466
0.014336917562724
0.304659498207885
0.186379928315412
0.426523297491039
0
0.170250896057348
0
0.247311827956989
0.181003584229391
0.240143369175627
0.046594982078853
0.017921146953405
0.125448028673835
0.136200716845878
0.114695340501792
0
0.363799283154122
0.401433691756272
0.460573476702509
0.313620071684588
0.206093189964158
0.0860215053763441
0.146953405017921
0.354838709677419
0.222222222222222
0.351254480286738
0.0949820788530465
0.440860215053763
0.0913978494623656
0.043010752688172
0.283154121863799
0.017921146953405
0.333333333333333
0.003584229390681
0.182795698924731
0.344086021505376
0.186379928315412
0.112903225806452
0.100358422939068
0.243727598566308
0.103942652329749
0.326164874551971
0
0.32258064516129
0
0.182795698924731
0.327956989247312
0.338709677419355
0.43010752688172
0.0806451612903226
0.0788530465949821
0.258064516129032
0.157706093189964
0.046594982078853
0.121863799283154
0.0645161290322581
0.152329749103943
0.401433691756272
0.304659498207885
0.412186379928315
0.433691756272401
0.222222222222222
0.154121863799283
0.476702508960573
0.448028673835125
0.046594982078853
0.474910394265233
0.478494623655914
