3.06276068979702
2.54964216666468
-0.983293059827464
0.103533240345424
0.922193014727831
1.00098074977136
0.200206661454562
-0.696627531039695
1.22317808378904
-0.15816497239868
-0.196205388137102
2.00034097644333
-1.03150761498668
-2.355410052829
1.09116774732583
2.53403715599667
NA
5.23524335287732
5.23524335287732
-5.00133610932308
NA
1.43481111217895
3.8632034413933
3.49453762565444
0.528877338987311
-0.0797247496321205
2.14153029467454
-0.315183632901885
-2.5944645841833
1.90329627603979
-2.67865837777394
-0.576830362801951
1.27482623598049
1.49529581826047
-1.13976918488128
-0.527568592056184
0.761728427217662
3.6531943007644
0.213921252058444
-0.0879277135855325
-0.619432372344939
-2.51890742370759
3.9174171900174
-4.08681615309864
-1.05394148638221
-1.43191145673602
-0.0743527384140563
1.36129088443351
-0.738821380028376
1.96910828838584
-7.51416242031533
0.694307693653748
0.197828550652524
-0.174369566586114
-1.41224274390955
0.676428918111156
-2.68461841821386
1.64197286175251
-0.907849730968104
-1.25316187488278
-0.271696018652751
-0.250341269029751
2.07675093272346
-1.29995823210582
-0.318874536959273
1.38565254867924
-1.91908653455809
1.99691442977606
NA
-0.82646915767438
-1.50323793583317
0.287380646690819
0.615713767050279
0.159421353018743
1.94380562741448
-0.89163093406448
1.41947943587167
-0.134556548088594
0.189456631082162
-0.954871059364266
-1.92199036083307
-2.43417833932763
0.499649726282614
2.17402849555364
0.0182196258885625
2.69219568827481
-1.26807417352737
-1.30796477781288
2.2926442014368
-2.03675377317323
1.18274773774442
0.499219900426729
0.514755780870209
3.56564402326558
-0.464549146599182
0.129883450249618
-1.10515480374294
-0.662098587123578
NA
1.4847073183414
-0.73423202985186
1.91917515787983
-0.37225133850855
0.514656435185813
-0.514656435185735
-0.960333578399582
1.07069968480095
-0.358535909869914
1.53771445757751
1.2545736388531
-2.95390381555413
NA
2.25030290811063
1.56837929404207
0.191280615067818
-3.03524164279148
1.36391052566924
-3.11247156976546
1.34055934584231
0.970014649909109
-4.51591331587923
-0.658367321866459
0.933064753465757
-0.426650541980804
-1.11009745956692
-1.97851882919054
-0.621447092066118
0.467235116565404
-2.19770404012333
-1.65021067888173
-1.01049447783709
0.229582264368182
-0.108492934820703
-1.18594764923414
2.01309695732317
2.88020600902843
-8.21897335012909
-0.33933994977664
2.29981733533479
0.0498144281213087
0.373111887391092
-0.0389995989955239
-2.27261755839332
-0.16778179731233
2.39506623633247
-6.18436077847128
-1.46853234796234
0.51705877317562
2.84670588051206
1.98193637431626
0.463755873434504
NA
4.05024084332516
-1.16316791806834
5.13474756029467
3.1452925199144
1.93104474786883
-1.85056860775234
0.0311243695553767
-0.821003229942001
-0.170792561863323
NA
-1.44375214927067
NA
NA
1.49267124024423
-0.444435020492273
-0.261062858027486
-1.96120983016463
4.51956509172089
-1.81457552641848
-0.850386141328034
-0.199370959460962
0.0139597896435752
-1.89508169147971
0.501226234790032
0.622402559029629
2.13012720911325
1.73554247813433
0.493831497919981
-0.269432187070205
1.42148762110171
1.22407445548063
2.20179055178681
-1.39071895641393
1.42511697682986
1.06931657818791
0.300979015919989
NA
-3.05985190449183
0.915191414544278
-0.0442404965652257
1.16320378504008
-0.435047580502504
NA
-2.23905790485905
2.33599417178728
0.892397287094013
-1.288711764037
0.656665931387849
-2.23711677536888
1.86037049955795
-2.24645286409885
1.04432221794111
-1.02723087144444
4.44851844205746
NA
NA
-0.011293001082862
-1.39781110188664
2.13735401846873
NA
-2.78463126973015
NA
-1.25901226121801
2.79099594627287
1.61844302114523
2.85644078234402
3.31916422218023
-3.04875975089843
-1.7871536412736
-2.1862171908783
-0.789323186686211
-0.973481013270398
-2.53921424474462
-1.06140265116087
-0.500600879387324
-0.280274420129501
0.12396663128246
3.69645865687539
NA
-4.69975587159879
-4.50644289065724
-2.74187559932153
-0.286332685047506
5.21475431183014
0.286332685049501
3.12984302943633
1.00555925970609
0.716860214705655
0.244606243108727
-0.777605237706794
5.41148594498925
4.78619005127748
8.65374993828573
2.24279347291121
1.5336110369715
-0.159527212971541
-2.58625953700927
-1.41842436613103
1.01988336945023
-0.766496660392235
-4.44132898467956
-2.92503770596656
-2.56713759508998
NA
-3.12216597438234
6.36986390750178
5.09392616816766
-0.16182946551271
0.158261779922867
0.419547388355824
-3.45049813197136
-3.57956729005917
2.02097542418471
3.17219405810046
-2.86929841738684
1.46047459411511
-0.401304200863367
4.44041014194651
0.272586263231679
NA
0.667543907335855
-0.991439428855847
-2.6206344371085
-0.765249594180844
2.23323203962356
-0.431481617158703
2.12143970859296
-1.51622496098391
-0.568660881056076
3.96923437985135
-0.121812895203766
-0.322989687606082
1.25922933444464
-0.580479870910596
0.380569565458938
1.88819861880468
-1.01732527492091
0.441558931440328
1.81566754249445
2.43240492120357
2.76844062070674
0.679474927542786
-4.12484296757583
-1.87186579779462
2.20198821242196
-1.73695303192512
1.21693813347992
0.777146101946553
2.39000121709468
-0.287302293247663
1.28516299295285
0.661509983040911
2.03273940644173
-0.0822860092626527
NA
2.04835253249377
-0.629051567008799
3.48686037528635
0.882860757600858
-2.13127605629028
0.367425403975213
-0.615704944732038
2.92395538133685
-6.26153350948101
0.512470242695585
-1.55430745354418
-0.845404996704669
-0.000254855618056382
-0.461621272547248
1.52766812349469
0.778543886496884
-1.41120617764632
0.764090605327311
-1.51073193382039
2.54718358651161
-2.25159694064815
-1.22611063829612
-3.67540303151863
1.49654601094344
-1.64949972598968
-1.9046586097556
1.76243327150127
NA
1.26405951740427
2.61391798988974
-2.76113267434258
1.42433602214083
0.0986748423669752
-0.145800077287944
NA
-0.169858842162281
0.0929946691279788
0.0257175159871181
-0.0411725557492382
-1.37554975593001
2.03723820431152
-2.0103729469556
3.180070373479
-1.32024633490636
-3.28068554815633
3.18718984362978
-2.23586879157086
-3.15456263007562
2.22846039882468
0.821203144238044
0.338128647854468
4.21699979299845
-0.253555123685999
0.763177701131834
0.681380062626813
0.315539333864876
0.0384543445770191
-0.37975635755978
-2.52859589842279
-0.101591751090883
-1.29794543617305
-1.07882847990517
0.123079722221085
-0.454057018215362
1.06851801314915
NA
0.64907447715899
-0.358999538920198
-0.463381832449159
-1.92200925895541
12.0727354954442
-1.01302605576952
-0.702605401104655
0.224563181666188
2.74350428602295
0.295845085737367
-0.0101861121257336
0.386179198584986
2.48425392878355
-2.35071746766892
NA
NA
-0.0257969926477131
-1.07755334335109
0.339584428640197
3.27496888506971
-0.184068526134375
-2.02243675419563
-1.64727714418017
2.67373854952186
5.73352898702257
-1.97568382973145
-6.49626971032123
3.01473746507187
-2.96407634724156
2.96407634724127
0.127566720107954
0.84312452226291
-1.74537779953772
-0.0487839087715543
-0.854749701408002
-1.24028692228596
-6.85872918545408
-0.228214809869655
1.23023589758211
0.220036082030344
-0.195948221572969
1.02748077294459
-2.27367135446069
-0.714521415043363
1.72771727103471
-0.44189302538976
-0.407342815145038
0.629568666139459
1.02166484492966
3.01084414220468
NA
-3.05827639547388
1.10090023901363
-0.869407823067377
2.13765587680289
-2.33629158999205
1.60971403769366
1.43927811333008
-2.46312747860503
-1.79638107415943
0.10123821038737
2.13969929634113
-2.52097289558978
-0.768656257012838
NA
NA
2.18281376529461
-1.79936308265579
-1.9132872697742
-0.235901411115976
-1.30130452231584
0.181018626155168
0.779410183024286
1.05455565600706
-2.41996753588905
-1.54515819153513
-1.13426528338904
-2.60974419727559
-1.73173897885173
-6.68897353240589
1.52953675039861
0.738916851193451
-0.690379525423257
-1.23186177529422
-1.97665181199823
-0.238701311356811
7.4983516259274
2.83595344968876
0.997559819334118
0.347158161654477
0.00146330141429729
0.730922853954645
-2.31731871568991
-2.31731871568991
0.347158161654477
0.0600232961378566
-1.19721676365198
-1.55192761761125
-1.31866208514895
0.538879837129954
0.458041677955208
1.7559529932865
1.13044307102625
-0.757533926269264
4.23511039390036
1.62998770611407
0.367817332642044
-2.86013214954755
1.25494135467178
-0.710379541160581
12.7966494351273
1.84080399980325
-2.3771679062909
-3.3720674013705
0.191955307547154
-2.30358988920999
-0.945543275108387
-0.403332040922315
0.512904621581866
-0.179013014048705
0.133248064486548
2.15596503215798
-0.663634205019335
-1.72729943540142
-0.281117200490336
NA
1.46941533473955
2.00521124408617
-0.750649137403116
0.286740491246714
1.26455632943572
-1.25831873294319
2.81246602787027
-3.23844225203201
-5.19465406174173
-1.14568600597714
-2.57014576648501
0.763638676110908
-0.404696415728413
-2.66834454250871
0.548692644590972
-1.2884253420696
-2.6503975388088
1.05887409154732
1.62925525847844
-0.898516486926315
1.00029542677349
NA
-0.347787808723673
0.471875917287056
-0.718327990252556
-0.743949603695307
2.08612152899262
-0.258090376293001
-1.93112442311088
-1.13912685022376
-1.89920285273076
0.099397976946733
-1.2066723445667
-0.233023477297213
2.49787496312505
3.21087909843192
-2.72449865747273
-3.29511847495678
1.1474020915555
-0.949579921319184
0.426603545241534
