0.230072463768116
0.471014492753623
0.282608695652174
0.25
0.434782608695652
0.431159420289855
0.239130434782609
0.0996376811594203
0.0543478260869565
0.0960144927536232
0.463768115942029
0.221014492753623
0.181159420289855
0.179347826086957
0.182971014492754
0.170289855072464
0
0.00724637681159424
0.00724637681159424
0.0108695652173913
0
0.206521739130435
0.0289855072463768
0.155797101449275
0.481884057971015
0.159420289855073
0.298913043478261
0.202898550724638
0.416666666666667
0.472826086956522
0.438405797101449
0.206521739130435
0.295289855072464
0.173913043478261
0.442028985507246
0.240942028985507
0.483695652173913
0.0471014492753623
0.239130434782609
0.235507246376812
0.300724637681159
0.134057971014493
0.0289855072463768
0.0615942028985507
0.193840579710145
0.146739130434783
0.217391304347826
0.471014492753623
0.202898550724638
0.11231884057971
0.0181159420289855
0.170289855072464
0.239130434782609
0.409420289855072
0.195652173913043
0.0615942028985508
0.364130434782609
0.215579710144927
0.472826086956522
0.0471014492753623
0.284420289855073
0.0181159420289855
0.432971014492754
0.219202898550725
0.231884057971014
0.208333333333333
0.0615942028985508
0.0760869565217391
0
0.329710144927536
0.0144927536231884
0.485507246376812
0.454710144927536
0.389492753623188
0.315217391304348
0.177536231884058
0.217391304347826
0.0253623188405797
0.405797101449275
0.0797101449275362
0.38768115942029
0.365942028985507
0.144927536231884
0.134057971014493
0.0833333333333334
0.0652173913043478
0.155797101449275
0.0307971014492754
0.11231884057971
0.188405797101449
0.442028985507246
0.442028985507246
0.460144927536232
0.0579710144927537
0.0326086956521739
0.409420289855073
0.311594202898551
0.280797101449275
0
0.0797101449275362
0.494565217391304
0.0869565217391304
0.344202898550725
0.188405797101449
0.188405797101449
0.177536231884058
0.0471014492753623
0.273550724637681
0.0960144927536232
0.0978260869565217
0.0416666666666666
0
0.449275362318841
0.380434782608696
0.432971014492754
0.221014492753623
0.282608695652174
0.105072463768116
0.0688405797101449
0.409420289855072
0.0253623188405797
0.253623188405797
0.28804347826087
0.27536231884058
0.291666666666667
0.155797101449275
0.202898550724638
0.0072463768115942
0.0905797101449275
0.307971014492754
0.239130434782609
0.159420289855072
0.0978260869565217
0.213768115942029
0.13768115942029
0.0905797101449275
0.0163043478260869
0.282608695652174
0.230072463768116
0.173913043478261
0.202898550724638
0.134057971014493
0.0326086956521739
0.0181159420289855
0.355072463768116
0.0036231884057971
0.322463768115942
0.0869565217391305
0.27536231884058
0.16304347826087
0.222826086956522
0
0.0253623188405797
0.351449275362319
0.0289855072463768
0.302536231884058
0.0942028985507246
0.052536231884058
0.21195652173913
0.423913043478261
0.0869565217391305
0
0.217391304347826
0
0
0.114130434782609
0.423913043478261
0.0289855072463768
0.210144927536232
0.135869565217391
0.11231884057971
0.365942028985507
0.195652173913043
0.282608695652174
0.123188405797101
0.452898550724638
0.41304347826087
0.22463768115942
0.101449275362319
0.264492753623188
0.264492753623188
0.260869565217391
0.13768115942029
0.373188405797101
0.0942028985507246
0.16304347826087
0.155797101449275
0.425724637681159
0
0.0036231884057971
0.481884057971015
0.0742753623188406
0.0561594202898551
0.172101449275362
0
0.469202898550725
0.46195652173913
0.0833333333333334
0.0362318840579711
0.11231884057971
0.391304347826087
0.0434782608695652
0.206521739130435
0.0507246376811594
0.286231884057971
0.0688405797101449
0
0
0.302536231884058
0.371376811594203
0.00724637681159424
0
0.0108695652173913
0
0.403985507246377
0.313405797101449
0.103260869565217
0.202898550724638
0.302536231884058
0.0434782608695652
0.0833333333333334
0.0471014492753623
0.141304347826087
0.331521739130435
0.393115942028985
0.108695652173913
0.414855072463768
0.0760869565217391
0.280797101449275
0.0416666666666667
0
0.0253623188405797
0.0144927536231884
0.0489130434782609
0.0036231884057971
0.0253623188405797
0.00362318840579712
0.333333333333333
0.405797101449275
0.108695652173913
0.373188405797101
0.11231884057971
0.0072463768115942
0.358695652173913
0.0108695652173913
0.13768115942029
0.208333333333333
0.0434782608695652
0.172101449275362
0.0978260869565217
0.286231884057971
0.259057971014493
0.0380434782608695
0.222826086956522
0.21195652173913
0
0.105072463768116
0.00724637681159424
0.0362318840579711
0.134057971014493
0.36231884057971
0.13768115942029
0.257246376811594
0.242753623188406
0.315217391304348
0.307971014492754
0.394927536231884
0.144927536231884
0.181159420289855
0.036231884057971
0.130434782608696
0
0.369565217391304
0.471014492753623
0.134057971014493
0.101449275362319
0.429347826086957
0.177536231884058
0.0742753623188406
0.483695652173913
0.159420289855072
0.0289855072463768
0.141304347826087
0.0760869565217391
0.246376811594203
0.492753623188406
0.228260869565217
0.389492753623188
0.126811594202899
0.460144927536232
0.320652173913043
0.420289855072464
0.0652173913043478
0.463768115942029
0.0489130434782609
0.333333333333333
0.141304347826087
0.0833333333333333
0.25
0.364130434782609
0.221014492753623
0.0833333333333334
0.135869565217391
0.226449275362319
0.101449275362319
0.289855072463768
0
0.0144927536231884
0.340579710144928
0.0144927536231884
0.135869565217391
0.115942028985507
0.41304347826087
0.144927536231884
0.072463768115942
0.0144927536231884
0.293478260869565
0.0833333333333334
0.217391304347826
0.15036231884058
0.411231884057971
0.322463768115942
0.347826086956522
0.246376811594203
0.166666666666667
0.195652173913043
0.13768115942029
0.418478260869565
0.416666666666667
0.0181159420289855
0.304347826086957
0.302536231884058
0.0144927536231884
0.302536231884058
0
0.431159420289855
0.340579710144928
0.0869565217391304
0.434782608695652
0.231884057971015
0.0217391304347826
0
0.21195652173913
0.222826086956522
0.215579710144928
0.206521739130435
0.141304347826087
0.0797101449275362
0.202898550724638
0.179347826086957
0.052536231884058
0.173913043478261
0.251811594202899
0.108695652173913
0.132246376811594
0.293478260869565
0.286231884057971
0.41304347826087
0.152173913043478
0.22463768115942
0.329710144927536
0.335144927536232
0.33695652173913
0.418478260869565
0.152173913043478
0.0181159420289855
0.226449275362319
0.289855072463768
0.177536231884058
0.106884057971014
0.300724637681159
0.48731884057971
0
0.490942028985507
0.304347826086957
0.193840579710145
0.0905797101449275
0.00362318840579712
0.239130434782609
0.380434782608696
0.445652173913043
0.221014492753623
0.324275362318841
0.309782608695652
0.0905797101449275
0.188405797101449
0.0217391304347826
0
0
0.0942028985507246
0.114130434782609
0.0978260869565217
0.00362318840579712
0.365942028985507
0.103260869565217
0.114130434782609
0.0887681159420289
0.00905797101449275
0.00905797101449279
0.0181159420289855
0.0797101449275362
0.0760869565217391
0.0760869565217391
0.268115942028986
0.182971014492754
0.306159420289855
0.11231884057971
0.22463768115942
0.420289855072464
0.0108695652173914
0.170289855072464
0.177536231884058
0.253623188405797
0.248188405797101
0.193840579710145
0.155797101449275
0.278985507246377
0.148550724637681
0.0471014492753623
0.105072463768116
0.246376811594203
0.358695652173913
0.307971014492754
0
0.0797101449275362
0.103260869565217
0.0652173913043478
0.318840579710145
0.447463768115942
0.329710144927536
0.193840579710145
0.148550724637681
0.0471014492753623
0.201086956521739
0.0851449275362319
0.248188405797101
0.396739130434783
0
0
0.398550724637681
0.0833333333333334
0.289855072463768
0.123188405797101
0.246376811594203
0.16304347826087
0.418478260869565
0.391304347826087
0.11231884057971
0.135869565217391
0.365942028985507
0.364130434782609
0.27536231884058
0.264492753623188
0.13768115942029
0.28804347826087
0.282608695652174
0.0289855072463768
0.382246376811594
0.0615942028985507
0.0144927536231884
0.409420289855073
0.0579710144927536
0.0326086956521739
0.134057971014493
0.108695652173913
0.0253623188405797
0.0253623188405797
0.0326086956521739
0.192028985507246
0.228260869565217
0.398550724637681
0.302536231884058
0.101449275362319
0.0887681159420289
0.476449275362319
0.442028985507246
0.231884057971014
0.152173913043478
0.141304347826087
0.271739130434783
0.0398550724637681
0.282608695652174
0.309782608695652
0.0036231884057971
0.300724637681159
0.309782608695652
0.333333333333333
0.329710144927536
0.184782608695652
0.391304347826087
0.456521739130435
0.0235507246376812
0.184782608695652
0.432971014492754
0.481884057971014
0.427536231884058
0.0670289855072464
0.21195652173913
0
0.0797101449275362
0.0579710144927536
0.41304347826087
0.351449275362319
0.172101449275362
0.0797101449275362
0.0579710144927537
0.164855072463768
0.0253623188405797
0.344202898550725
0.164855072463768
0.177536231884058
0.21195652173913
0.11231884057971
0.11231884057971
0.365942028985507
0.440217391304348
0.452898550724638
0.152173913043478
0.342391304347826
0.331521739130435
0
0.355072463768116
0.181159420289855
0.403985507246377
0.0579710144927536
0.306159420289855
0.264492753623188
0.307971014492754
0.391304347826087
0.119565217391304
0.327898550724638
0.202898550724638
0.447463768115942
0.27536231884058
0.255434782608696
0.268115942028985
0.144927536231884
0.0978260869565217
0.11231884057971
0.0344202898550725
