0.226907630522088
0.469879518072289
0.285140562248996
0.257028112449799
0.417670682730924
0.417670682730924
0.244979919678715
0.102409638554217
0.0602409638554217
0.0823293172690763
0.465863453815261
0.220883534136546
0.188755020080321
0.186746987951807
0.192771084337349
0.188755020080321
0
0.00803212851405621
0.00803212851405621
0.0120481927710843
0
0.184738955823293
0.0321285140562249
0.172690763052209
0.473895582329317
0.15863453815261
0.28714859437751
0.204819277108434
0.417670682730924
0.479919678714859
0.433734939759036
0.204819277108434
0.295180722891566
0.160642570281124
0.461847389558233
0.230923694779116
0.495983935742972
0.0441767068273092
0.228915662650602
0.228915662650602
0.325301204819277
0.14859437751004
0.0321285140562249
0.0682730923694779
0.206827309236948
0.162650602409639
0.232931726907631
0.473895582329317
0.204819277108434
0.120481927710843
0.0120481927710843
0.176706827309237
0.240963855421687
0.421686746987952
0.188755020080321
0.0602409638554217
0.359437751004016
0.21285140562249
0.475903614457831
0.0522088353413654
0.28714859437751
0.0160642570281124
0.427710843373494
0.22289156626506
0.228915662650602
0.206827309236948
0.0662650602409639
0.0803212851405622
0
0.323293172690763
0.0120481927710844
0.457831325301205
0.431726907630522
0.379518072289157
0.325301204819277
0.176706827309237
0.216867469879518
0.0240963855421687
0.397590361445783
0.0843373493975904
0.385542168674699
0.36144578313253
0.140562248995984
0.136546184738956
0.0803212851405622
0.072289156626506
0.144578313253012
0.0341365461847389
0.124497991967871
0.168674698795181
0.44578313253012
0.44578313253012
0.457831325301205
0.0602409638554217
0.036144578313253
0.417670682730924
0.301204819277108
0.275100401606426
0
0.0763052208835341
0.5
0.0923694779116466
0.333333333333333
0.184738955823293
0.184738955823293
0.172690763052209
0.0441767068273092
0.259036144578313
0.0983935742971888
0.100401606425703
0.0461847389558233
0
0.437751004016064
0.369477911646586
0.433734939759036
0.210843373493976
0.293172690763052
0.108433734939759
0.0602409638554217
0.413654618473896
0.0281124497991968
0.240963855421687
0.291164658634538
0.27710843373494
0.295180722891566
0.150602409638554
0.204819277108434
0.00803212851405622
0.0943775100401606
0.29718875502008
0.240963855421687
0.168674698795181
0.100401606425703
0.208835341365462
0.1285140562249
0.0883534136546185
0.0140562248995983
0.273092369477912
0.246987951807229
0.172690763052209
0.196787148594378
0.136546184738956
0.0321285140562249
0.0200803212851406
0.36144578313253
0.00401606425702811
0.313253012048193
0.0883534136546185
0.273092369477912
0.164658634538153
0.226907630522088
0
0.0240963855421686
0.365461847389558
0.0281124497991968
0.311244979919679
0.104417670682731
0.0582329317269076
0.20281124497992
0.413654618473896
0.0803212851405622
0
0.196787148594378
0
0
0.118473895582329
0.433734939759036
0.0321285140562249
0.204819277108434
0.142570281124498
0.116465863453815
0.35140562248996
0.188755020080321
0.27710843373494
0.116465863453815
0.44578313253012
0.419678714859438
0.224899598393574
0.100401606425703
0.261044176706827
0.253012048192771
0.248995983935743
0.140562248995984
0.357429718875502
0.104417670682731
0.160642570281124
0.152610441767068
0.419678714859438
0
0.00401606425702811
0.465863453815261
0.0662650602409639
0.0562248995983936
0.168674698795181
0
0.479919678714859
0.451807228915663
0.0803212851405622
0.0401606425702812
0.120481927710843
0.397590361445783
0.0481927710843374
0.208835341365462
0.0562248995983936
0.293172690763052
0.0682730923694779
0
0
0.279116465863454
0.379518072289157
0.00401606425702816
0
0.0100401606425703
0
0.407630522088353
0.319277108433735
0.0983935742971888
0.196787148594378
0.291164658634538
0.0441767068273092
0.0803212851405622
0.0481927710843374
0.144578313253012
0.343373493975904
0.387550200803213
0.108433734939759
0.41566265060241
0.0763052208835341
0.279116465863454
0.0461847389558233
0
0.0281124497991968
0.0120481927710844
0.0502008032128514
0.00401606425702811
0.0200803212851406
0.00401606425702816
0.333333333333333
0.393574297188755
0.116465863453815
0.357429718875502
0.120481927710843
0.00803212851405622
0.369477911646586
0.0120481927710843
0.132530120481928
0.190763052208835
0.0441767068273092
0.166666666666667
0.104417670682731
0.283132530120482
0.267068273092369
0.0421686746987951
0.214859437751004
0.218875502008032
0
0.108433734939759
0.00803212851405621
0.0321285140562249
0.136546184738956
0.357429718875502
0.134538152610442
0.257028112449799
0.240963855421687
0.321285140562249
0.305220883534137
0.397590361445783
0.152610441767068
0.196787148594378
0.036144578313253
0.124497991967871
0
0.36144578313253
0.457831325301205
0.140562248995984
0.104417670682731
0.427710843373494
0.172690763052209
0.070281124497992
0.487951807228916
0.164658634538153
0.0281124497991968
0.136546184738956
0.0843373493975904
0.240963855421687
0.497991967871486
0.220883534136546
0.399598393574297
0.1285140562249
0.457831325301205
0.323293172690763
0.413654618473896
0.0562248995983936
0.457831325301205
0.0461847389558233
0.331325301204819
0.140562248995984
0.0682730923694779
0.253012048192771
0.363453815261044
0.216867469879518
0.0883534136546185
0.13855421686747
0.220883534136546
0.100401606425703
0.285140562248996
0
0.0160642570281124
0.34136546184739
0.0160642570281124
0.146586345381526
0.116465863453815
0.413654618473896
0.156626506024096
0.0682730923694779
0.0160642570281124
0.293172690763052
0.0883534136546185
0.216867469879518
0.162650602409639
0.427710843373494
0.337349397590361
0.345381526104418
0.248995983935743
0.176706827309237
0.172690763052209
0.144578313253012
0.419678714859438
0.419678714859438
0.0160642570281124
0.325301204819277
0.323293172690763
0.0120481927710843
0.323293172690763
0
0.421686746987952
0.345381526104418
0.072289156626506
0.42570281124498
0.236947791164659
0.0240963855421687
0
0.210843373493976
0.220883534136546
0.214859437751004
0.200803212851406
0.140562248995984
0.0803212851405622
0.204819277108434
0.178714859437751
0.0502008032128514
0.172690763052209
0.238955823293173
0.104417670682731
0.122489959839357
0.293172690763052
0.281124497991968
0.417670682730924
0.14859437751004
0.220883534136546
0.329317269076305
0.335341365461847
0.329317269076305
0.411646586345382
0.14859437751004
0.0200803212851406
0.230923694779116
0.301204819277108
0.176706827309237
0.102409638554217
0.313253012048193
0.471887550200803
0
0.491967871485944
0.313253012048193
0.190763052208835
0.0963855421686747
0.00401606425702816
0.248995983935743
0.375502008032129
0.471887550200803
0.240963855421687
0.319277108433735
0.307228915662651
0.0923694779116466
0.184738955823293
0.0160642570281124
0
0
0.0963855421686747
0.114457831325301
0.0983935742971888
0.00401606425702816
0.369477911646586
0.106425702811245
0.118473895582329
0.0923694779116466
0.0100401606425703
0.0100401606425703
0.0120481927710843
0.0803212851405622
0.0763052208835341
0.0763052208835341
0.291164658634538
0.196787148594378
0.307228915662651
0.112449799196787
0.224899598393574
0.409638554216867
0.0120481927710844
0.180722891566265
0.168674698795181
0.257028112449799
0.251004016064257
0.196787148594378
0.15863453815261
0.281124497991968
0.140562248995984
0.0481927710843374
0.112449799196787
0.257028112449799
0.369477911646586
0.305220883534137
0
0.0803212851405622
0.106425702811245
0.0682730923694779
0.293172690763052
0.427710843373494
0.313253012048193
0.206827309236948
0.14859437751004
0.0321285140562249
0.20281124497992
0.0823293172690763
0.246987951807229
0.407630522088353
0
0
0.401606425702811
0.0843373493975904
0.293172690763052
0.112449799196787
0.244979919678715
0.14859437751004
0.419678714859438
0.397590361445783
0.112449799196787
0.126506024096386
0.369477911646586
0.363453815261044
0.265060240963855
0.263052208835341
0.132530120481928
0.305220883534137
0.291164658634538
0.0281124497991968
0.387550200803213
0.0522088353413655
0.0120481927710843
0.409638554216867
0.0602409638554217
0.0240963855421686
0.120481927710843
0.0963855421686747
0.0240963855421686
0.0240963855421686
0.0240963855421686
0.204819277108434
0.216867469879518
0.413654618473896
0.291164658634538
0.0963855421686747
0.0903614457831325
0.475903614457831
0.437751004016064
0.220883534136546
0.14859437751004
0.144578313253012
0.261044176706827
0.0441767068273092
0.27710843373494
0.315261044176707
0.00401606425702811
0.317269076305221
0.325301204819277
0.349397590361446
0.321285140562249
0.176706827309237
0.393574297188755
0.465863453815261
0.0261044176706827
0.180722891566265
0.41566265060241
0.493975903614458
0.417670682730924
0.0662650602409639
0.22289156626506
0
0.0763052208835341
0.0642570281124498
0.409638554216867
0.355421686746988
0.170682730923695
0.0803212851405622
0.0562248995983936
0.14859437751004
0.0240963855421687
0.333333333333333
0.170682730923695
0.184738955823293
0.214859437751004
0.112449799196787
0.114457831325301
0.373493975903614
0.431726907630522
0.443775100401606
0.14859437751004
0.353413654618474
0.327309236947791
0
0.373493975903614
0.176706827309237
0.407630522088353
0.0642570281124498
0.311244979919679
0.261044176706827
0.329317269076305
0.405622489959839
0.116465863453815
0.319277108433735
0.200803212851406
0.459839357429719
0.257028112449799
0.234939759036145
0.27710843373494
0.14859437751004
0.0923694779116466
0.112449799196787
0.0341365461847389
