0.0254777397639902
0.0365693260739764
0.443896849864179
0.943451857816991
0.455343358023876
0.420168121988765
0.889147201235846
0.719138517263426
0.643768591323613
0.936664756116675
0.868276822158336
0.205419264056944
0.505247575417583
0.105173801370861
0.478081857867138
0.173001318409547
1
0.373928536496491
0.373928536496491
0.325359085566345
1
0.329721810979029
0.23771953961118
0.0830242865666813
0.643769935640357
0.963860882057368
0.104498396962957
0.833149950866376
0.035654163241968
0.12004507403096
0.0274628268478122
0.697792437949828
0.331973289605289
0.354701912866154
0.354128828272391
0.711171883379408
0.559493158012853
0.173484464285143
0.878579234749147
0.950526173577654
0.648301106670431
0.181821488894299
0.220716461041347
0.0983803104729754
0.505974562021106
0.446859148458609
0.961581521563765
0.269033069407321
0.608124077039129
0.287773873858734
0.0588189516634137
0.634545521884367
0.890947767024615
0.88798650841826
0.349286645129854
0.782780646684874
0.0309427794609732
0.21440022757403
0.45779339181431
0.646957325514758
0.831705263473242
0.955680312505014
0.118664819925584
0.404849601410761
0.82790435532046
0.368949472211464
0.529192664620355
0.404341241828354
1
0.529981063226334
0.74377017135542
0.799308873973756
0.586431974646855
0.895904664999273
0.159279816729672
0.558976525418016
0.33739296468692
0.969323538351682
0.873657383771484
0.650059530356974
0.141205492168892
0.051777922724281
0.763392082115132
0.271689078475692
0.992791388951359
0.351687614515091
0.402475040875432
0.702991319126195
0.182375789505366
0.162275928322785
0.329465587318785
0.670330916536653
0.660366304019032
0.208614738323356
0.881336248081462
0.91383096874994
0.438398633436171
0.646950401146599
1
0.490311558407847
0.604631970527072
0.389311878102197
0.779603997298721
0.745660425511357
0.745660425511395
0.536391972777215
0.670803662553651
0.777333975289702
0.443802286938803
0.524515586411822
0.190205965773317
1
0.0701770081900748
0.209233696235058
0.882635122113264
0.0369219023305038
0.286557292965806
0.0988119477460319
0.567391392346178
0.462065871169455
0.212192111211088
0.650809483628074
0.522260181943053
0.758001830598325
0.444497560290918
0.408266289796577
0.652398030674669
0.942932710843824
0.265054016824176
0.202202218408108
0.470305829059812
0.880309252528827
0.951933073800823
0.445546317169362
0.316186039817342
0.124859033304209
0.0839648739006663
0.801988250436635
0.100743793830851
0.973125622618258
0.791240163854714
0.981878379209341
0.43668062100584
0.966311134220317
0.0556300842748187
0.4383319543727
0.228375916178227
0.807048157463421
0.0241463688883217
0.195052572997069
0.73957437078698
1
0.237406795428857
0.35604503827677
0.109479385339753
0.0145632399557474
0.388279300814149
0.628757601687049
0.983065922599987
0.508919269560774
0.926440390277962
1
0.269238202674028
1
1
0.446060049605409
0.710760151906152
0.952832741984841
0.18545041051857
0.0198194109855699
0.292715943765681
0.477087384486826
0.892312487105591
0.991361142274239
0.268888379166753
0.668515964129706
0.596486779002364
0.117899752854592
0.365308054427025
0.706993398233536
0.841758773405157
0.273106182735578
0.515585705473484
0.0818391384886307
0.544304891162761
0.391624188304518
0.484051226352055
0.802268409755083
1
0.728255618751062
0.456570103681775
0.984905443422396
0.728977525062336
0.804191290089043
1
0.0899359912657574
0.0702320984144577
0.685055350887887
0.642780615603026
0.770152791571812
0.0871619190065117
0.515455840868166
0.137387330843083
0.700035724371836
0.452644475783397
0.0470693245441799
1
1
0.993370113546532
0.195202393953185
0.740662602062796
1
0.666607999500652
1
0.303626285499363
0.0354905121844839
0.440175988963337
0.0566341166975881
0.00841360000931557
0.291452120482001
0.344819246152292
0.430672227067109
0.646007851620369
0.449381051207083
0.0379924013463914
0.619810668715419
0.682248407484582
0.890733621746396
0.923277086710569
0.292403753158043
1
0.170294232950021
0.292449653813516
0.282965800067515
0.974351779955082
0.118181655291484
0.974351779954903
0.0202992354672479
0.402511770454407
0.692754469095411
0.838575494929151
0.670152068096612
0.409380385829457
0.000704138216408918
0.0839708509277044
0.218319580232452
0.314412663390797
0.953002992184864
0.111310841851399
0.446926689254548
0.469482102454085
0.604205210898581
0.290311538161315
0.0398623641502273
0.0901563840171452
1
0.092434837756148
0.326788981024553
0.102140224659197
0.919706211777769
0.897731654508113
0.828144671307685
0.011828344369118
0.0103610102808157
0.154266591171283
0.0158682698866639
0.0231718381643326
0.39024554384178
0.807324671044686
0.148919581263306
0.86818635483121
1
0.597824298510026
0.422287587899972
0.129420495538201
0.710921607899967
0.0710686093475617
0.773652827735743
0.336040861446323
0.219542045691928
0.734028764751855
0.119604505018652
0.942871078377026
0.888795167593618
0.379496812196786
0.637219314592021
0.781108602977553
0.135804954758505
0.593602610088922
0.713034698897345
0.158544477256622
0.0710238068212977
0.156573259009609
0.564660695275571
0.319127819486489
0.168365400096041
0.156343034089729
0.422978474429328
0.341773138582897
0.519287623874092
0.111797321501249
0.885169732318417
0.455729735320875
0.675646389508136
0.338953088693471
0.948905009062534
1
0.673139371591927
0.614242246060591
0.454326273956424
0.595911385807588
0.256470016649009
0.757537240830867
0.714070782550276
0.195464269555491
0.188569401865377
0.692920746735505
0.458167349094688
0.530135719465496
0.999893262231655
0.709420981064915
0.239613669862253
0.521623643892994
0.333543783052146
0.638161136921916
0.324770935680631
0.182234045225036
0.0528733018184802
0.284914106185993
0.374247345923243
0.286265617020469
0.242834608592573
0.677926981452921
0.208694316180439
1
0.286010646952343
0.0318361793718526
0.175641874050931
0.229982099093986
0.944459423040537
0.968680761331443
1
0.911116403814405
0.949658592773013
0.986321153711867
0.978300132784674
0.438893476668297
0.365475147172063
0.168200873343943
0.0495762897764255
0.587628841773839
0.0412160066664609
0.0162159427848014
0.251993148805591
0.057584725532078
0.0526597326401202
0.531963053001878
0.757644938642052
0.0118105613875411
0.856361410687188
0.518426541540958
0.593684786425108
0.7922769923835
0.973753410135543
0.812502286517555
0.549180878387817
0.942736753342231
0.30062596949887
0.49301039334303
0.944902934213983
0.720228225992196
0.341668118414556
1
0.615076413647098
0.77029946452523
0.732728799061466
0.307163220456284
0.190571944397123
0.477605433008985
0.556719379645068
0.862451188842381
0.0921247176101299
0.818266316157169
0.99359247867035
0.86642359912559
0.100670493298953
0.515155048088075
1
1
0.990056542791317
0.572846669279363
0.868236476405897
0.670943494022284
0.874586877407939
0.319923827037447
0.402174258079599
0.258505672049252
0.361494339750626
0.735274986314209
0.0950720638471875
0.172435568315453
0.194280798303281
0.194280798303321
0.932509311502002
0.640982946922563
0.42235776355854
0.979326767953987
0.522491275124353
0.309709404985133
0.202698309682834
0.885495983516564
0.410403322877648
0.870225788382695
0.883423603345347
0.476834564023798
0.182324478370364
0.581677206546723
0.297473258466215
0.873843144001512
0.835623817097037
0.673689366994325
0.410737256645098
0.110100237459644
1
0.19239675088261
0.589798509859079
0.710545830260125
0.0980838201536632
0.0521489356430003
0.192137904109053
0.393126873368448
0.164924000154857
0.494384225786633
0.950162282671656
0.304902499042775
0.107768020577105
0.522118384072809
1
1
0.0759773235101646
0.417825219678029
0.148019559034229
0.890352836440148
0.357322599352841
0.908544988972311
0.543544997883237
0.382455923455458
0.203743728924261
0.369288170856404
0.366985735536994
0.0379041509625239
0.214918014920935
1.15224400296974e-05
0.350983245221143
0.597092798010653
0.617961425061759
0.725712511196059
0.150788440907347
0.920777289785826
0.107161737282984
0.0243510032634694
0.687038906081072
0.914987715556314
0.999300261224177
0.694435360657407
0.484927052216854
0.484927052216854
0.914987715556314
0.967903213910973
0.396141879652827
0.214307014563379
0.338639872730255
0.783529343427429
0.82550854758378
0.173295234423594
0.367551250732532
0.607065632815028
0.0278806020713491
0.299423735280325
0.799508952226587
0.32311523675288
0.366683133106771
0.605459603795395
0.160276342777088
0.198549559086192
0.0979999179487427
0.00817501775297473
0.887753539661828
0.123052855137317
0.450398707005218
0.741645969025952
0.899340720956382
0.915067603875725
0.916220253079102
0.0794373784404867
0.554978270603958
0.460066821356797
0.858130767840428
1
0.502758247723455
0.408301754235144
0.500205969623418
0.827602579901302
0.433140021413179
0.54779728875144
0.236795788950356
0.0356091852763626
0.197645444105784
0.329956815127985
0.0855710756586195
0.672984021377025
0.790832068222954
0.170429288809708
0.788930059576578
0.293645747843521
0.0343905684886255
0.391099520911883
0.349821847670228
0.468790594377968
0.445248480003365
1
0.78757307931713
0.749647482475809
0.578970178672694
0.772733557772171
0.0955840172931625
0.851611539949003
0.15603605852485
0.367847636113918
0.324753027268006
0.937023386809225
0.454458034522762
0.850091988075918
0.0712324550456642
0.0261600317866941
0.0404175255698944
0.0519256183497237
0.565742414762352
0.593486884382526
0.879574766189144
