0.255335210057458
0.253609655175773
0.243173997843676
0.241583942444641
0.243094925931278
0.243348366413212
0.241623290829639
0.241923716465749
0.24215488154575
0.241587448905087
0.241645369882546
0.245965214567213
0.242784376975835
0.248779494076184
0.242946833270014
0.246661911941609
NA
0.243733977555529
0.243733977555529
0.24421849049464
NA
0.24417106728283
0.245389924144846
0.249827035667499
0.242154876802578
0.24157580200868
0.248807718926727
0.241691493025195
0.253729648633274
0.248204289695426
0.254974519157761
0.241982395465441
0.244146919493498
0.243914890719922
0.243920490497148
0.241945016508616
0.242501608527371
0.246650440969173
0.241633981081719
0.241580712855815
0.242139021751546
0.246458137686127
0.245680163303455
0.249072914605079
0.242780232558351
0.243153231503387
0.241576532669476
0.244916515960507
0.242289106014636
0.244664923408103
0.251391621582931
0.242187977673816
0.241621569038311
0.241624416081006
0.243968305767048
0.241777959282539
0.254403560909722
0.245794914672621
0.243078405474966
0.242143696253443
0.24169363494828
0.241578632617305
0.248254257529591
0.243468996284169
0.241699363971848
0.243779565864446
0.242653111581239
0.243473114582285
NA
0.242648968495562
0.241862252872946
0.241746875754125
0.242379485930619
0.241616978213192
0.247004023771185
0.242504062741643
0.244089680517018
0.241574233199741
0.241639302340564
0.242132939759293
0.247509932377334
0.251980321923362
0.241817901124526
0.24487953534884
0.241570414258677
0.243944484248546
0.243488298105765
0.241967629291205
0.246445716647181
0.246926505919038
0.244173829309254
0.242065631807094
0.242098078226121
0.245903623372511
0.241631095620908
0.241602193355825
0.243213115586267
0.242143720400648
NA
0.242871832640154
0.242303196246532
0.243598376055837
0.241784243747518
0.241857804924004
0.241857804924004
0.242615687552622
0.242064122723302
0.241788796526576
0.24317466429011
0.242677919326154
0.246274818310542
NA
0.25058499355451
0.245891822778297
0.24162975988908
0.253564267989934
0.244680618059417
0.249053618073134
0.24246462409683
0.243049929034885
0.245835987862952
0.242130357836506
0.242690023767491
0.241829686042431
0.243169769378781
0.243441512539212
0.242124912437559
0.241584196530256
0.244972782259923
0.246028379498961
0.242996179621197
0.241632162480625
0.241580122229316
0.243162408271912
0.24432100845482
0.248034893236464
0.249776620617022
0.241742089459634
0.248968373019532
0.241573292982458
0.241761713387916
0.241571601243259
0.243225493815195
0.241575066524899
0.251648373551461
0.243213594617469
0.245546187545008
0.241733240939419
0.255593976502895
0.246173111479743
0.241872261336717
NA
0.245395033078934
0.243901815202672
0.248604137027128
0.258060083126425
0.243607237782352
0.242209319961246
0.241571422461515
0.242763549651026
0.241593487797232
NA
0.244913643521752
NA
NA
0.2431588122513
0.24194613658821
0.241579753516975
0.246377608129635
0.256551203377437
0.244602028722168
0.242953071040892
0.241620283282655
0.241570511572424
0.244918543679572
0.242071450744493
0.242336740313081
0.2482822335817
0.243813454739362
0.241956472215795
0.241679134250241
0.24485998974153
0.242726392560885
0.249891449312557
0.242575596827232
0.243578653225958
0.242909833616544
0.241741593033831
NA
0.241900200431137
0.243086636535312
0.241571169452966
0.241898377193759
0.24173820638007
NA
0.249470248771999
0.250581431954294
0.242019893053661
0.242158373760433
0.241803541150653
0.249609739278255
0.242727108390314
0.247626205799542
0.241975985989768
0.243113287380723
0.25242370871175
NA
NA
0.241570379874612
0.24617001487664
0.24186964754799
NA
0.242077611317203
NA
0.244467888192642
0.253751447497156
0.243200387982992
0.251565874224045
0.260786945414567
0.244617982574118
0.244013229313875
0.243269376431027
0.242147013082413
0.243135720508026
0.253429210230172
0.242243197208436
0.242028412423985
0.241621772299662
0.241595540915487
0.244605961431016
NA
0.246726876234112
0.244605382876437
0.24472745020246
0.24157301629949
0.248271901899104
0.24157301629949
0.256434828105052
0.243487998280197
0.241997001283088
0.241683623551717
0.242066203430495
0.243432623740385
0.273601491329757
0.249776302215879
0.245723240585813
0.244341280363303
0.24157968453067
0.24853184123912
0.243152760523469
0.243001484512197
0.242304930071613
0.244632456973171
0.253202643745087
0.249459368339319
NA
0.249348557201781
0.2442028546513
0.248907864241484
0.241597963747965
0.241615341252391
0.241698997719598
0.259088115639309
0.259746478505074
0.247137534390932
0.257638111607688
0.255793011649556
0.243590392165603
0.241732764529844
0.247285496195968
0.241645474142181
NA
0.242331166203525
0.243332190385273
0.247880977986668
0.241945697134592
0.250527717990145
0.2417962896672
0.244103844417241
0.245701199689997
0.241885777751365
0.248220169400874
0.24158422685023
0.241623630842976
0.24368399487703
0.242178268340694
0.241781254561496
0.247675465080566
0.242348849018872
0.241939972616229
0.247023304310402
0.250530577545976
0.247075497916372
0.242477297891644
0.24428770783701
0.246773895219179
0.247081642686015
0.24332694373511
0.24404431627216
0.242706119305897
0.248512858696401
0.24162719691387
0.243092311293659
0.242048820032016
0.244073432126429
0.241581414671028
NA
0.242056706602311
0.242264834665268
0.243101825352267
0.242339146285741
0.24509783447592
0.241830715830754
0.241937184032258
0.24616460895535
0.246309849732512
0.241996514528672
0.24307589619579
0.242648157067739
0.241570191212778
0.241949792850244
0.245359155993745
0.242693456782279
0.244130204748486
0.242174870705081
0.244224948401205
0.24644888873742
0.251883322262635
0.244701951543481
0.243731087568686
0.244684393492376
0.245307510830031
0.242041711494953
0.245902103870173
NA
0.244687697825393
0.25426782918582
0.246599666224812
0.245518779847111
0.241583455983589
0.24157440445185
NA
0.241604250006525
0.241581085609193
0.24157099453481
0.241572213234073
0.243209564062468
0.243811889402979
0.246777934573499
0.252182063708116
0.242374319045061
0.253045526272616
0.257531755903478
0.245165131865527
0.251489190754405
0.25190206568128
0.242638601881662
0.241830476913791
0.259095578303089
0.241659743122103
0.242710812238223
0.242348502326872
0.241759770946431
0.241573149705688
0.241723980065411
0.24255142496208
0.24158429304535
0.244504148752623
0.242855699040373
0.241583244642799
0.241920857712234
0.244045394737368
NA
0.242261565979299
0.241803234775285
0.241888993953585
0.244425734723213
0.246267032631714
0.242949818963781
0.242514836078768
0.241652235460461
0.249363463284832
0.241714503335514
0.241570367427983
0.241647520465706
0.248971574624008
0.242728767609226
NA
NA
0.241570615658128
0.242439657857479
0.241645416370087
0.242063676879222
0.241638280687593
0.244278766591457
0.2434907549153
0.245067713139696
0.243849454473353
0.241882711590891
0.249223964552711
0.246675391273062
0.246189107466202
0.246189107466202
0.241589793395442
0.242164760491709
0.243331656877763
0.24157202638705
0.242688779256474
0.244395778234905
0.246018561765909
0.24162687119158
0.243424493576438
0.241643141802892
0.241628956414878
0.242954660231268
0.246446864605804
0.242400225264576
0.244542758782651
0.241639097538522
0.24168787066217
0.242054969927748
0.243421845984254
0.248579480383372
NA
0.246228472188911
0.242365007119866
0.241946720384365
0.249086223209122
0.251947224834186
0.246233915787835
0.243565925611698
0.246859346518485
0.242847543099326
0.241580868407312
0.2444526049391
0.248672910342786
0.242690787878067
NA
NA
0.250225657209538
0.243366390351732
0.24731099476301
0.241622134741614
0.243889440759052
0.241606258030485
0.242579400145351
0.243657852917487
0.245997965475517
0.243776437490775
0.243797783168766
0.253440191586736
0.245785356353341
0.29602937289676
0.243951449648444
0.242334211502464
0.242250335421963
0.241906668450708
0.247233103987827
0.241597225301047
0.248697564251139
0.255553248392987
0.242013928874347
0.241601336650908
0.241570193265933
0.241992095485252
0.242904468261844
0.242904468261844
0.241601336650908
0.241574616366181
0.243540599120183
0.245796638306454
0.244076686117434
0.241776492788642
0.241703045097134
0.246654929308541
0.243792523046557
0.242293358426481
0.254902087904937
0.244518810110572
0.241746515927725
0.244243211642364
0.243800602458535
0.24229984117033
0.246978056833319
0.246101553614624
0.249089997349094
0.26093122036668
0.241624643386144
0.248097582922852
0.243128697729148
0.241867296469426
0.241613924083647
0.241601277918376
0.241600436749002
0.250025147211484
0.242523203322834
0.243063200566838
0.241657526853472
NA
0.24279864599899
0.243441229036784
0.242813401790017
0.241699824662502
0.243251240439269
0.24255824311978
0.24540503805869
0.25373562933754
0.246119911221514
0.244168536513776
0.249691931438697
0.242057197801739
0.241762480839544
0.24672360701185
0.241766079388437
0.244590347658835
0.253900765357179
0.243583113676378
0.243962976353887
0.243005949511682
0.243164496021241
NA
0.241768668627373
0.241848546511161
0.24241218602953
0.241798182224727
0.249200216300146
0.241665834781536
0.247089852039293
0.243789770732409
0.244225145279657
0.241587253609032
0.243100930178908
0.24166782740118
0.250517276926632
0.255208021298037
0.2531375345619
0.251967116243977
0.242472263184386
0.242349337419976
0.241632931288577
