0.0836673051646873
0.488920285125976
0.525969577889657
0.635171672459591
0.688810419540479
0.169024069241538
0.991830801422931
0.714010583201727
0.231822576851989
0.935633226069369
0.195899280953481
0.289465922756428
0.251370917240025
0.0920577586302197
0.107788685798952
0.441522428157949
1
0.14637822314433
0.14637822314433
0.401311154665988
1
0.811003719537332
0.314523228544914
0.152196711332076
0.916314434544032
0.185229138084816
0.16692071544901
0.508864210344263
0.772863659486445
0.192397237976445
0.336108038645233
0.00242950273920396
0.70275910983408
0.948884542541305
0.405368935525334
0.951284313310846
0.710463396083988
0.215257792965272
0.783135524066163
0.744346537515064
0.279870213133458
0.235266853003865
0.341805368352557
0.358568000548394
0.0624859513539689
0.104754283143181
0.291984089311631
0.976229068170152
0.330019358240654
0.736777442071684
0.246292536337803
0.0987992893807895
0.711211157671608
0.0814772866449421
0.271954558231618
0.201906017143224
0.315986407797805
0.0682094565631791
0.970802637401804
0.186555868813239
0.958764706449873
0.0644933547353788
0.638419244996747
0.0519082843206743
0.162548357261555
0.636117450771924
0.346242155433942
0.0208704760417211
1
0.76795893027369
0.268857740276563
0.923421848048305
0.962619647668862
0.43255179946367
0.976472440760311
0.645084899301354
0.509110583732735
0.385465256988197
0.225953071045561
0.00416373989228969
0.533417095862116
0.846603870022234
0.054576357261219
0.0462575202425461
0.43954728726416
0.228831838148644
0.377988605009615
0.0548860266391612
0.10446490388036
0.673981536589238
0.125682137312689
0.0504904200880676
0.155440239247121
0.203532326824421
0.964837421746201
0.320522650533281
0.684173243993561
0.2575595004433
1
0.577969370320044
0.526850500757661
0.633384780410391
0.473005983583344
0.543491968566377
0.543491968566323
0.490047438242368
0.179195272650018
0.724626276716429
0.548347698159741
0.602363539271791
0.610247380455704
1
0.781308981070728
0.471154348278465
0.76550972137613
0.0295852694727056
0.369985287339384
0.84794947651533
0.930617645886202
0.346362268439391
0.0737676687904016
0.324351126211544
0.367436083724868
0.273509845439544
0.326648780995156
0.340321900756465
0.834745064912174
0.753756300468955
0.175950544277937
0.532785777000115
0.954936946721084
0.600157415233456
0.393824726885224
0.392043839845963
0.422802903370716
0.493183206041955
0.0605148920810901
0.121054106862113
0.0866398419176801
0.330544154188575
0.581230322371512
0.0565186174226075
0.503084183400828
0.406630781293745
0.215843570171858
0.363730901880069
0.569820317920944
0.0463966733377464
0.21373485137447
0.889100848248833
0.460610859669357
1
0.352098961022237
0.226117315262163
0.925384240803333
0.0771593411787172
0.437770284322824
0.296362551340219
0.953008262569561
0.660008618526461
0.799892915388928
1
0.0893561028600992
1
1
0.696520382000469
0.275401579627507
0.0145340528179958
0.216790842903834
0.529304154313382
0.281600948859772
0.111621685582508
0.582001809082403
0.240729051686842
0.792034066462813
0.0330300728227247
0.0855671041430654
0.238195873589703
0.464875370922398
0.31316881554565
0.358153441274618
0.924124664353422
0.0283894325269779
0.456918795398221
0.145809707696447
0.979577928934384
0.184539670410627
0.503856921896835
1
0.952417136645332
0.00638316039455228
0.068449883968319
0.445278367201909
0.0873076160922902
1
0.277786688966314
0.141077619176717
0.348338586627378
0.167436675062086
0.841448908982763
0.540813767264403
0.914458274981411
0.0876693368418033
0.938113069781691
0.364725713899429
0.67276369923892
1
1
0.963534070790483
0.558260863229506
0.282894800485989
1
0.595736812284621
1
0.467791723482648
0.120774190128802
0.378216599191313
0.934935772936711
0.474999564478527
0.29837196777311
0.98921359638124
0.418465132123346
0.54828073888255
0.826962074123674
0.18559572138987
0.799619775484462
0.973530755882893
0.139664822072471
0.293826684161676
0.559297638924622
1
0.837491709496121
0.244254296002423
0.771239643205897
0.529629109387677
0.350130285549054
0.529629109388223
0.0438806454817654
0.456854318008328
0.308224116761371
0.453325216394588
0.279301281656745
0.219187198412215
0.867201081105536
0.238410073216556
0.194176750868422
0.603905956528948
0.804937632380864
0.016788900339589
0.853475796464245
0.425041839630487
0.563032622948584
0.874864523536581
0.0146322079917068
0.351653116504484
1
0.0911771006609528
0.185641371664695
0.276418073087667
0.0356497404532166
0.931388703187738
0.0331352348675594
0.259294640040772
0.552773366120675
0.982397466054876
0.987138515773596
0.968918393048939
0.865697208696205
0.636079239889729
0.405211037464805
0.408740362405409
1
0.364414064374181
0.910714240784666
0.428410954544397
0.884511808469063
0.691060384889916
0.836522622177455
0.747330638959869
0.229503967675289
0.963410343430241
0.47607987194296
0.300808855306033
0.867261558665655
0.924075783959554
0.679831899136604
0.701650731702193
0.973325583980608
0.110424255145038
0.326361988847033
0.316071427619471
0.25461580631676
0.185664981158007
0.347458653142212
0.568928688904254
0.533032684917674
0.926118902456744
0.191339702835537
0.350287812412064
0.781944873321583
0.24988467270415
0.993854047228189
0.794379950142331
0.698819739094554
0.107416966003357
0.394240456115225
1
0.820139942468796
0.940165243750981
0.892161520778741
0.60229093712456
0.504422410810075
0.542042373214679
0.618817679050401
0.181151523462263
0.635324542726341
0.551771630117425
0.644795118880047
0.742219670772129
0.924492489365667
0.442319750519933
0.479856063862221
0.831845482630248
0.80278774754165
0.771176389397452
0.942393848771191
0.855084859278507
0.0330616869729637
0.774978516542825
0.255992008616992
0.205804025142168
0.245948045777267
0.233519605272712
0.31296265079372
1
0.881128590734856
0.937171319683263
0.277264767314817
0.708618588700856
0.867464085746163
0.994217976696972
1
0.349364683522851
0.529677968735452
0.627729652882571
0.574720172746778
0.875350752334905
0.052702818273198
0.00448288876282961
0.0322869175049166
0.00304598960674419
0.0137951378814781
0.766649711794186
0.0185983721639718
0.71851213582438
0.914555335989838
0.660601741717188
0.699497231980769
0.081605846028208
0.0886499677334126
0.836839287536578
0.197284191670798
0.0306197656965732
0.404366510761971
0.284333071591864
0.332908224940676
0.122770613991521
0.103510960066113
0.633555225401484
0.591039237665036
0.391009575125426
0.301462936592366
1
0.511259411074663
0.00839073346475641
0.0753837536831243
0.984048760117236
0.227482401035024
0.290940323763159
0.096340985594743
0.462426406432155
0.574161239301639
0.258834579258024
0.270865564443535
0.168344030823673
0.209690797959439
0.807093109435008
1
1
0.0793370741691219
0.529038022489735
0.659545119545478
0.279818631959989
0.983221586040361
0.464096865636291
0.114795785113152
0.406122204329571
0.815100206225368
0.393080229365273
0.801642055369979
0.346666081987948
0.287468003191803
0.28746800319173
0.581481507223975
0.192089544784346
0.201054746426298
0.992871998190978
0.466279763798927
0.389611542072602
0.943779221897293
0.953487761356535
0.198814949620035
0.58723165054706
0.222684755611788
0.484271861398821
0.355561573657865
0.521465910613581
0.412516680933194
0.337415761792944
0.585062484542531
0.615099778932785
0.894040872317268
0.525868530019329
1
0.0145141275087695
0.000408349602986963
0.842393153720403
0.0456748410852619
0.699542022202341
0.490424811144539
0.791282306112112
0.00597866715145684
0.0969575022361982
0.405785319208171
0.952012550081198
0.56472313494162
0.170904524789635
1
1
0.367796843058922
0.699615288677351
0.284029409963411
0.916011483215537
0.359349136354366
0.366852639311984
0.514817060683228
0.917531607503646
0.390190231683108
0.193152691297635
0.244033623568512
0.0691302503517285
0.832897318285395
0.992429674772263
0.995875760218632
0.897226120876686
0.814739182147714
0.876859142379333
0.250119456599196
0.291482426861759
0.487727066999804
0.390261637275256
0.461338079452311
0.870746189431302
0.48125238849746
0.379842253730112
0.836588849863551
0.836588849863551
0.870746189431302
0.818719180914372
0.500759253407357
0.659564614053615
0.92837745609838
0.61282041968525
0.887104120752231
0.606438042365366
0.0990759451430691
0.728381309145369
0.954050327174178
0.284957257762376
0.727017937171373
0.354657824186549
0.965820746273978
0.202138145346524
0.237688738734283
0.645456197592603
0.222841527864162
0.706551355451285
0.324167082765447
0.593845184751159
0.127035263463543
0.204627625813091
0.739512006329059
0.0133892220602871
0.809351191764005
0.905700793260287
0.303923312256438
0.726424035946776
0.828727174686296
1
0.0822398194009356
0.261317001616626
0.275892270819485
0.337270533496994
0.638407343747293
0.635753517766857
0.721998868965133
0.297428757801955
0.575943712080266
0.390377204402012
0.764418608487193
0.469161774322831
0.131491583332667
0.404916384759838
0.575423009641986
0.0377610452158202
0.212559004234942
0.321708971538033
0.439384718376813
0.640703931676372
0.0415332491786106
1
0.117322695560801
0.52904752323164
0.453453131199678
0.564192809831888
0.488471777865256
0.843266390030866
0.938606532739094
0.644549921765932
0.97782679065699
0.70628694081198
0.344300902206866
0.500864529513627
0.575040582181702
0.523176334554167
0.856888994211777
0.419989763630699
0.451230516285944
0.970740627829759
0.449971410463367
