0.510444576988696
0.1784882111558
-0.17103803481287
0.149608227370003
0.106372715683204
0.361357030820118
-0.00308392823153891
-0.14813036437895
0.646381838450923
0.0367406646555821
0.324210669527335
-0.360251047811783
-0.369243589386985
-0.516296854132458
0.522004852760585
-0.291887734843575
NA
-1.69140858292695
-1.69140858292695
0.859760622627161
NA
-0.0781954334303379
0.658798859986746
-0.576533882041794
0.0244508513372779
0.431572309599925
0.366544256551977
0.196974092076253
0.0761598998728683
0.337655643433273
-0.248910799997956
0.968790715329772
-0.106155881243303
-0.0232946331219885
-0.212096059987022
-0.0187951781242433
0.103587871554124
0.695440702789951
0.0836488125512886
0.101625141481932
-0.303050211134245
-0.450332865096406
0.610551084966258
-0.447960421822247
-0.599315556889891
-0.610911960002685
-0.331765203536499
-0.00792199193203835
-0.298145794697376
0.129375569330236
1.130210111646
-0.508514737348506
-0.115066371454605
0.460023194549041
0.352963247932067
-0.670921364788086
0.268972195198915
0.506234995656346
-0.00966027760243016
0.726612907627384
0.0137453188337009
1.95363422759275
-0.13413706559373
-0.661769301824149
-0.446455317001806
-0.157724897689345
-0.560227088216322
1.12077251828537
NA
0.0746188606916309
1.18441792403041
0.0230728307016008
-0.0113565014668193
-0.205302262219464
-0.0086764832120565
-0.147247571996102
-0.208452991991294
-0.650197976761495
-0.311258577580524
-1.26183214940634
-0.172854336809266
0.0509821601042821
0.699842971134665
-0.841172282859212
0.334480275287078
-0.685994686329579
0.289975666723647
-1.33128838225677
-0.566923011681916
-0.134764166595478
0.397151656345548
0.487031850105854
0.352807857143038
-0.773538877475602
-0.0277312001432364
0.253209925886679
-0.125856897380154
-0.350428819169044
NA
-0.253296959712963
-0.191292023796166
0.224835296469667
0.206011172151021
-0.205743791214118
0.205743791214146
0.229376034127259
0.732665999809625
0.0971234367361884
-0.258239998079359
-0.219568837322162
0.12283585204924
NA
-0.0754867560537846
-0.197356349878724
-0.081695499005356
-0.666367321639378
-0.239364572972565
-0.074987313298692
0.0444643056815011
-0.26024939950827
-1.30782678493509
-0.306271882344662
-0.279718326089721
0.316842019509767
0.303213778947151
-0.483790437445153
-0.0599189796355875
0.413373279900285
0.263470492734255
-0.17386588114601
-0.0165521203486181
-0.147899804417579
-0.295143874730176
-0.29111088183291
-0.300958250376013
0.268764667684837
-2.01076050222002
0.455707738105762
0.502449542720075
0.302700477738323
-0.168837649936461
0.684190845507924
-0.416195690131798
-0.662314348618452
0.326248909056734
-1.4309318898177
0.145689343825338
-0.827928070245562
0.331466365479132
-0.0462919530717936
0.219871765534777
NA
-0.705725721223985
0.327164803285182
-0.0654671033959175
0.470802603471006
0.343695729070835
-0.760137295331361
0.0188732473315092
-0.11605159794073
-0.0969369802634787
NA
0.488083818094551
NA
NA
0.160201204083385
-0.281774629845633
-2.22484693466763
-0.397024005194111
-0.259920548860608
0.387573601572551
-0.407715680709494
-0.173081960841544
-0.32166419022202
0.0980386044353221
0.533504017582518
-0.379289785953883
-0.340653533017971
0.301731657209554
-0.251894254356801
0.268852416389892
0.0266088152912758
0.875190108454603
0.200968432281456
0.664942104124066
0.00908329097616445
-0.444181871310423
-0.169281494405309
NA
0.105380212993957
-0.727602671411082
0.983512845765313
0.530317283825156
-0.511549849046609
NA
-0.302293227766659
0.397607970756273
0.429403266976294
0.766796965674516
-0.0924482870285246
-0.169949703578308
0.0622613777947651
-0.551391862286781
-0.0429490668134456
0.260146863105913
0.204353849646395
NA
NA
0.0133661859853031
0.116274374133303
2.00548933152641
NA
0.735837118965297
NA
0.192016542806646
-0.442097912509512
-0.396117239105116
0.0260128521409442
0.191519299810914
0.632209534770112
-0.00538519667821902
0.470792275624774
0.223722191669687
0.0595214738942449
-0.345333061013731
0.110215672853213
0.00857704060764419
0.649354690515693
-0.288469641161107
-0.416338811125586
NA
-0.139003157650826
-1.10049365124118
-0.153708195168207
1.13924961463177
0.722441351731669
-1.13924961463022
0.587940310273058
-0.191672396088583
0.386696887857181
-0.195156852414682
-0.415797096709944
1.63528909770021
0.0512009513727314
-1.17289816859719
-0.52240351289776
0.172588181602375
0.145178420843817
-0.841519105538062
0.0710326246418163
0.196682863331054
0.180910176347322
0.0675207251600867
-0.7662474853351
-0.292784119808164
NA
-0.664368505848879
1.73702463560846
-0.780263789581113
-0.724409753117243
-0.0226981407274636
-0.919897165296625
-0.325077333461905
-0.175246988390795
-0.00660782961418249
-0.00442778579590986
-0.0105056042223426
0.0608468849630199
0.161299024866382
-0.561604157304331
-0.294704296219644
NA
-0.245398224400681
0.0296088913052568
0.286644505037337
-0.0622976256690952
-0.104137483213963
0.0661296557668392
0.152756618841778
-0.314887381467361
-0.0162087550648762
-0.148306753380928
-0.388338214545411
-0.0786739382270838
0.0295822060056032
0.107774747174888
0.11125043066092
-0.00893397287114261
-0.639801484543462
-0.250013005364909
-0.275703147280089
-0.326510859606381
-0.374889148819644
-0.23749954057878
-0.509867194337318
0.181073889491199
0.0309972241221432
0.672613653548706
0.25151169918778
0.0708830105608005
0.381339056225055
0.00326377128652666
0.0955093521492643
0.11260021502603
-0.723564316343975
0.230182447258582
NA
0.232881059125418
0.0198201790066435
-0.127883875705418
0.183084444863039
0.26477681284225
0.154341639477442
-0.17472517691446
-0.652237949986718
0.459884832715687
0.166087327202717
0.200461866493974
0.0951302647826742
0.0370722861181783
0.199466633451352
-0.190562088760883
0.0546463704778448
-0.0772128151930938
0.090673739307217
0.0245642021482917
0.0648694418940141
0.496888619735186
0.0651322202659452
-1.06072619979245
0.372090595181017
-0.343431118626655
1.28954161438416
0.296120056822108
NA
0.0351663453175632
-0.0188426946151186
0.510407641171175
0.0880675161518525
0.0511112352388281
-0.00544189024110997
NA
0.302246496424242
0.195579940051639
0.154435077067137
0.18159112517176
-0.0606384534000819
-0.944467448257996
-0.879135976347859
0.731666685147857
1.56151751077365
-0.833995750994156
0.0775999124627522
-0.982912091937774
0.109207400543802
-0.0203005484300594
-0.110326695263961
0.0844846533962471
-0.634379129290426
-0.460511349471192
0.0480130760309105
-0.358633366505146
0.520931294457828
-0.209106528614701
-0.323256667093151
0.829042773129063
0.459385944644765
0.394665001264819
0.165491395113371
0.205754540223344
0.230065003087722
-0.22957566773511
NA
-0.180441564938517
0.6749611767854
0.502273154891592
0.0066187260011219
-2.24942314940097
-0.320174994743933
-0.425609928239849
0.196934263023618
0.168467843676237
0.302572703939208
0.290733187937736
-0.682449056137162
0.403623778316494
0.220191670907523
NA
NA
-0.774123756934955
-0.260706459977236
0.19628708070453
1.63091040646702
0.005155254139253
0.314740113433561
0.655499267985596
-0.413293349943132
0.298450452483382
1.00451149207174
-0.274292237596974
0.43790865484633
-0.513762365134923
0.513762365135003
-0.167507668024484
-0.469355548159077
-0.597449404690813
-0.00364883571383956
0.182476732471156
0.226042182493751
0.0766636483040202
-0.0195028018218508
-0.421693664743206
-0.157572397385016
-0.350860567214065
-0.199016177742443
-0.329499578639124
0.173653401835233
-0.291489293574756
-0.569481251744918
-0.223173575728042
0.159396464059377
0.0347675365332538
-0.182310651151839
NA
-1.25843868647551
1.56790963689112
0.0979163842196513
-0.536219414938417
-0.0954990609825987
-0.179112850804751
-0.0797709457690412
1.05301685931651
-1.09612385620368
-0.253176515432357
0.026756766672956
-0.192339407690952
-0.354707880485085
NA
NA
0.238221288188665
-0.184708105561612
-0.301479227383596
0.0401345855227433
-0.284935688379857
0.310395935911003
0.177821884149171
0.0268812567169121
0.34962628156029
0.497563301525465
0.311044641276167
-0.490713137485892
-0.0637271154218464
0.00309313510988574
0.00185152339771477
0.038306474876407
-0.068226253656051
-0.114456805324352
-0.332884660328442
0.574860225746816
-0.746775221739786
0.229717323248432
0.392323184241361
0.127255199899082
-0.263620977809847
-0.359847341328155
0.161744378238609
0.161744378238609
0.127255199899082
0.0694445959963836
-0.20884437703629
-0.117323437448903
-0.0262881908343582
0.216551076663542
-0.0638596624079426
-0.141954369675833
-0.448578384196685
-0.114580963146812
0.0238953684425454
-0.347087145852473
0.10744708513898
0.542972131094572
-0.0126611974043733
-0.370129139643385
2.16959999879566
0.136120556967078
-0.362688066885266
-0.100148342436135
-0.244069140975016
0.174625284885463
-0.408178291767326
0.329998689295996
0.273914069155626
-0.907940769051324
0.0665162560884429
-0.0315845962930474
0.15929476774343
0.177281481648428
-0.0704312473784512
NA
-0.829660173452707
-0.547187562780769
-0.181930262586181
0.232116432523945
0.164961978089959
-0.204224634725814
0.180759273817031
-0.353522218571046
-0.508301881004245
0.178438028027839
-0.0638605020535596
0.276711336692735
-0.499278395735608
0.351142017324797
-0.23921136656547
-0.544365984814647
-0.335550503124285
-0.265799319870444
-0.290787788139312
-0.121820961012611
0.575163108028496
NA
-0.42598808255261
0.20032186421759
-0.207748765846286
-0.31425768447546
-0.186377405533753
-0.0583932965366927
0.0218927885751903
-0.123730908689668
0.0116993116245787
-0.102714004532729
0.333987443448321
0.179870962085049
0.168514493257877
0.20085792449586
-0.0506620196420293
0.287385203231711
0.329879532093395
-0.0140053789837253
0.441601243991556
