0.114537706829296
0.61361004919732
-0.183911395955846
-0.426804376266439
0.203850749888463
0.177380284514381
0.165564462250813
-0.362922460069086
0.392861242174801
-0.392043895894105
0.295206984845681
0.0386970560262512
-0.520362177472418
-0.763548609444261
0.262255258226048
-0.00459813675545284
NA
1.58546236310826
1.58546236310826
-0.485886583743929
NA
0.174781374734046
-0.584881097051664
0.288169944287674
0.0619721823461461
0.244760078813123
0.676053940872801
0.0882356063583529
-0.688711072010467
0.529857105221687
-0.916112851203646
-0.48140909568011
0.231617538809548
0.22479310299261
0.1065312661887
-0.295387524216494
-0.445509172355759
0.169583947742744
-0.00491591121273416
-0.153692140593371
-0.0629962554092529
-0.0818961411784045
-0.0824569796989234
-0.0763941750745323
0.328524347927235
0.383446575372048
-0.0157807115088318
0.0489803516920588
-0.066275737671198
0.420396867132375
0.698913348680459
0.271454088138121
0.148172871695316
-0.423300228100221
-0.261918238838682
1.12705741027088
-0.573078512913035
0.162686557401202
0.342954656106869
0.243913320791052
-0.263717752724766
0.645919058100986
-0.204651326540745
-0.557388231720262
-0.593198345967034
0.138898188289687
-0.98798664138738
0.269756955575144
NA
-0.207623362654413
-0.68768321957981
0.20024666282359
0.00549001105636115
0.215275001183867
0.519308151091444
-0.608819449024601
0.227990459087245
-0.419070675115257
-0.369456354111971
-0.0527427756427681
-0.219372776855817
-0.490438617257677
-0.0779084372095795
0.988848954119774
0.0186351828856317
0.610589700739609
0.0327062058871768
1.08109327570378
0.457525318872344
-0.309918700982287
0.0701484643404839
0.22711895253429
0.35266596037528
-0.209445187761816
-0.31320734547711
-0.840813726313012
-0.27446940254524
-0.114281277831928
NA
0.401343467332119
-0.25939810861011
-0.538132462399147
-0.322828737268987
-0.00486145615519007
0.00486145615543698
-0.0902644397552166
0.796240043455973
-0.186142516889383
0.310375489995744
0.19381139161791
-0.595109692282165
NA
-0.103769451048439
-0.0637164978104607
0.222650795027093
-0.693399281928942
0.360477503911429
0.288830997462199
0.0253445334643061
0.0178290440540145
-0.644910958165894
-0.456593436632023
-0.354613454028851
0.458010974774249
0.348270396445287
-0.41532330949433
-0.130100089361767
0.91922811882274
0.0886308162169769
0.233749703694958
-0.223578530035349
-0.227589218762062
0.213560870847843
0.336608751181883
0.743121471818027
0.644513146593299
-0.155056134988911
0.0614380010833919
0.0465627395118062
0.23668837457209
-0.251103024512835
-0.765544262468737
-1.33764507815222
1.3349819948117
0.308566821370796
-1.09871060952133
-0.581183246661782
-0.103482347091628
0.260277993724083
0.299027949533498
0.120364277702432
NA
-0.409015582992367
-0.129295721630527
-0.307786029781511
-0.564368396190506
0.2244293164496
0.734782751121486
0.835256175160378
-0.295121193185441
-0.0620019560387561
NA
-0.132863994994047
NA
NA
0.486344984803743
-0.126492565737621
-0.328275769102715
-0.00749233939441218
0.589051940414533
-0.351301086851004
-0.14346310824709
0.18099704065836
-0.36412016433539
-0.197955727673016
0.14271517851555
0.522366167528657
0.111110990979327
0.10076584048449
0.909789701623501
0.550884325673536
-0.0800741494011614
0.80274512040161
0.664641307828299
-0.483573999542631
0.487378816436035
0.115236193597248
-0.210416320783523
NA
1.84763496646673
0.230783945033512
-0.128581951264844
0.934183264192342
-0.12241179156949
NA
-0.282943221009852
0.113454542807652
0.425839057905932
-0.613443827933366
0.795418356846739
-0.0702941698118948
-0.298884451014374
-0.214140120137237
0.014666845828371
0.165566692836222
0.86452370422181
NA
NA
-0.236755138165897
-0.104186691732458
-4.17611476248328
NA
-0.92246010665623
NA
0.330190035719923
-0.223044401645074
0.231276216550725
0.407433579677978
0.199877858241457
-0.798061336088978
0.128278315152485
-0.799200553475345
-0.161263605563327
-0.316767841839784
-0.0324877151849385
-0.684961610216686
0.158171111849633
-0.00555094577914872
0.0614404549310024
-1.82407437131184
NA
-1.0339306743484
0.145147967607954
0.904601215505579
-2.1154373418463
-0.206516185061977
2.1154373418492
-0.00551048082919436
-0.275203661725939
0.102424225367567
-0.344602280156003
-0.0866467652324729
0.250490402365594
0.0147990654839845
0.172220447419054
0.226060490532213
-0.334157396746789
-0.464632042409978
0.0697623966490468
-0.464528785036492
0.118264028931542
0.521821759066782
-1.28621862415406
-0.926362956589188
-0.514646062321864
NA
-0.323509995108182
-0.984187501526321
0.788106348766888
0.381219045968429
-0.236629841966309
1.04620890045994
-0.0898022240491905
-0.371842682432654
-0.123298492062641
0.557336277506273
-0.447949600318335
0.707276279919292
-0.142490833593595
0.195025370748639
-0.0865410297663125
NA
-0.373871108088633
-0.413558417794871
-1.05954141174426
0.108039113484896
0.69363960697288
0.0155042905707141
-0.0406363992793928
0.164517588290781
-0.246989605871427
1.42696170667335
0.103712914264305
-0.899147265719975
0.225712613469195
0.35825076175977
-0.765219124010461
0.23120178750009
0.0964905855557561
0.199263569468737
-0.217885739574585
0.764612706660976
0.880437551861782
-0.146140639172364
-0.0174729772351725
0.0191100113249973
-0.380347044596522
1.06371180080452
-0.114528462378793
-0.326738078259105
0.389649317390663
-0.365705303651538
0.0352830552048484
-0.216059337076963
0.561278273328341
-0.0700203786109252
NA
-0.736300716581354
0.178555245044809
1.66929714562245
0.119928163083571
-0.287869245395967
0.267806966225919
0.310150129779615
0.485668458620404
-0.950024746238853
0.274831147912472
-0.0690823065632458
0.15120890494088
-0.972240130519348
0.334531892998305
-0.142030774434851
0.0800636445463638
-0.800072562337412
-0.189972116776211
-0.392581064055689
0.334236917719316
-0.274661724153919
0.275771287507956
1.82929202463256
0.392894904416465
-0.434180699969037
0.554150924658452
0.472463422506102
NA
0.367521250025471
0.630928029800879
-0.663904534189934
0.346129179028178
-0.293630029000582
-1.69237047139163
NA
-0.288725786142725
-0.388457551716634
-0.295916919586587
-0.343185213888496
-0.234943292212
-0.364447855633188
-0.372493904629273
0.562462149020334
0.0996216967001118
-0.236393157223642
0.592606633469863
-0.12304432357217
-0.17662495280878
0.685335929880384
-0.315147270749939
0.116390303185035
0.411904771924057
-0.0882532139422878
0.0527516214051182
0.516417796608106
-0.164639005981112
-0.0246438289478341
0.317597449767108
1.21277707312607
-0.147241984618965
-0.25247309256202
0.111416823912963
-0.0864171913546841
0.263296785944693
0.114691492365619
NA
-0.384939822473793
-0.333609436010175
-0.761581041307075
-0.257952668138003
-0.544590178959879
-0.480280733788696
-0.372102614026577
-0.440828399783157
0.495660839344014
0.148917955586651
-0.0246412697796643
0.254238500130961
0.332769538969821
-0.260202680917891
NA
NA
-0.0428500895295088
-0.0466202462240943
0.0598036735532652
1.83181663623191
0.163478662081545
-0.573114005683419
-0.43113584156146
0.393123477578783
1.64702814562887
-1.60867623775857
2.04585987673342
0.386619008775833
-0.451930113967208
0.451930113967421
-0.318405996556427
-0.294784030227012
0.0883671675962887
-0.320741356706421
-0.112408386682798
0.0498442493286113
-1.45002902515034
0.216205020901668
0.271960177810605
0.444226606464735
0.391741722736811
0.324597199007833
-0.418072384720352
-0.275014359548996
-0.0763006306402048
-0.0192456428246146
-0.181628142649528
0.474587274048826
0.180253492898284
0.735714377384348
NA
0.168570015487273
-0.625330118954423
-0.407826580764038
-0.0421792912491661
0.199156214188527
-0.155381369111986
0.249204813859899
0.0476093016436145
1.5738135102344
0.448949844585171
0.01920980258501
-0.600725511089351
0.000181981151419208
NA
NA
0.0538635547399089
0.578078437159604
0.11544567695961
-0.197795745499246
0.199080020872323
-0.147950828828253
0.00887312082163305
0.106717211299166
0.0952929194679513
0.199515766778404
-0.420471212808199
-0.189983002476652
0.239693129066518
-0.353407583033082
0.682996529725855
0.0807357320593489
-0.271431184446278
-0.0560907089186458
-0.70132036600962
1.09261080634989
1.12342055737255
0.757106190136071
-0.777566063799055
-1.20426200741534
-0.456520135853808
-0.634084772497928
0.301725469266103
0.301725469266103
-1.20426200741534
-0.413200871689384
0.261146857382098
-0.206358423179385
-0.455003625591655
0.140578564140291
-0.18284210122016
0.00699475642623426
0.719503630542892
0.326870391318719
1.12056678245966
0.168324993571076
0.351979433545305
-0.0800567541660939
-0.472900183972229
0.158113621134216
0.82997658478623
0.409337022474439
-0.487478002959186
-0.505928028686835
-0.126556099132433
-0.519173580239601
-0.0936060544291948
-0.00263326078281523
-0.410460799321219
-0.235713020921558
-0.413534081243217
0.597105257467671
-0.47623339542112
0.242751761386325
-0.399094515515785
NA
-0.0875689542905675
0.234341096072823
-0.432990603006161
-0.594602474268552
-0.692526261712224
-0.841927331154856
0.635699498615992
-0.425695701067839
-1.82011424164741
-0.498289324710207
-0.201133207180931
0.253217076242635
-0.147851706112585
0.115442297463417
0.885303914407146
-0.042235446826119
-0.290324765631487
0.0859099705986317
0.303726141850895
0.0714993044398895
-0.143506174423941
NA
0.0356976252649446
-0.0566430351290848
-0.270627127698177
0.307335643974006
0.292049612520465
-0.128018988243152
0.0507215297486425
-0.12213379286889
-0.224140285051931
-0.118753257942767
-0.907134265077461
0.437136994061824
0.428335644995048
0.527984222024038
-0.32958979527
-0.279489849381392
0.50939302968583
-0.381184182480943
1.20922118527679
