2.24622422618854
2.1007205188864
-0.766726916943317
0.0709963915352811
0.747587192730188
0.807331655440935
0.139511688427006
-0.359977164631407
0.462943164408923
-0.0795347054872029
-0.16600155671409
1.26924452005534
-0.667125095344796
-1.6255911933275
0.710354646245687
1.366145609726
NA
0.890577858610297
0.890577858610297
-0.985254067339273
NA
0.97639272421022
1.1832627785313
1.73968954676371
0.462941286642897
-0.0453501606108533
1.62877022803934
-0.210862054415144
-2.11116316594921
1.55939328505183
-2.21659946505794
-0.388705746182679
0.971849503577095
0.927060979166014
-0.928167355260915
-0.370662948056779
0.584301317956955
1.36460586948346
0.152911702052703
-0.0621022724561287
-0.456621305969852
-1.33852942848917
1.22739440704108
-1.65834226751253
-0.665985562890325
-0.761746893736766
-0.0482126376101642
1.1075127810262
-0.513338016887177
1.06506531330348
-1.89737019045152
0.475865162056444
0.137231170476205
-0.140982156552688
-0.937561289899436
0.275965095096888
-2.1688776554679
1.24441101516158
-0.743526119757921
-0.458493664795764
-0.212715587087896
-0.0556254216034297
1.56525492042011
-0.83426667916596
-0.217595671140694
0.899910645468781
-0.630032527625216
0.835170905178372
NA
-0.628826169282891
-0.32719149954453
0.254486083384475
0.54465070113902
0.130956641725013
1.41129508415907
-0.585070606415065
0.960994638594526
-0.0384914953058255
0.159161800974861
-0.454173625856496
-1.4755314236816
-1.95340724132412
0.301325881818442
1.1013761556421
0.00904293551124127
0.932893065442588
-0.838496220868785
-0.381680053945028
1.33682764003864
-1.40119231225146
0.976911031653871
0.426148060721382
0.439881006512611
1.26031964118004
-0.149413293490228
0.108306510581965
-0.776021035495703
-0.458503317041136
NA
0.690733294762645
-0.518344141120047
0.862220754759617
-0.280107629453773
0.324690461882126
-0.324690461882075
-0.619050344393201
0.425498554475055
-0.283070822509455
0.766886203393886
0.637208117292405
-1.31318921147515
NA
1.81778621892004
1.25860245041852
0.147765774382579
-2.09675706077379
1.06776258850753
-1.65620831862368
0.572583187362622
0.736473450645385
-1.25044552863509
-0.453130540743557
0.640680129761031
-0.308410458152749
-0.765715505261427
-0.828206987355796
-0.450922713483198
0.0716492977891368
-1.11678502438578
-1.27833272416635
-0.722974044689592
0.150716244180928
-0.0603340700278525
-0.763951598610076
1.00414302010501
1.53935560928793
-1.73437027332339
-0.251015469303549
1.64674821853572
0.0337188611804066
0.264956323648464
-0.022734556353465
-0.778938924061365
-0.042273488851356
1.92201072980523
-0.776134160357378
-1.2072235287367
0.244469567200627
2.26723913167563
1.29891708525806
0.332750428227628
NA
1.18405382747893
-0.924472428156529
1.60569927668076
2.45851921047211
0.864102347645783
-0.484015081452391
0.0212444858919681
-0.66137863898954
-0.0924083644100027
NA
-1.10703734217793
NA
NA
0.763088419033568
-0.371216355545614
-0.0592034600932475
-1.3274574124088
2.34333986083679
-1.0541870219981
-0.711962188769158
-0.135503153328113
0.0108371916416497
-1.10784828113763
0.428643304381094
0.530071804593842
1.56852717463202
0.906786098049179
0.376284564627618
-0.199831771492245
1.0981188719371
0.651000685542263
1.74646223347034
-0.607065237696652
0.858018234225923
0.700743619172758
0.250652752933479
NA
-0.347798551496747
0.745552251275367
-0.0189364387883325
0.346836460949199
-0.248164130245937
NA
-1.70168758397139
1.81742709472074
0.406000957047058
-0.464323630133425
0.2924614247228
-1.71664510850759
0.65120217870064
-1.48990356403517
0.385671861148907
-0.75207508986836
1.99457309906926
NA
NA
-0.00831692941282512
-1.29848009014269
0.331307669181444
NA
-0.431269313127335
NA
-1.03060249317654
2.11305471214094
0.773009304993134
1.91412783876518
2.65402322598666
-1.05695700495335
-0.94630214704406
-0.789196349903313
-0.459817587329422
-0.757522099514079
-2.08491850817067
-0.496677153445508
-0.40982865301877
-0.137502359772658
0.0963943446812441
1.05487051295023
NA
-1.37483318218568
-1.05476998998697
-1.0757709404816
-0.0321798749180518
1.56731951197897
0.0321798749182763
2.3342203672061
0.838430684264638
0.395532391164733
0.203907517942017
-0.426393827782056
0.82623764944916
3.42650985027821
1.73433662709273
1.23380989999729
1.00783620072406
-0.0589895158383539
-1.59742617332986
-0.761633569341333
0.724317582265674
-0.518956815760218
-1.05946385242884
-2.06490628635521
-1.70051534716382
NA
-1.68853042048785
0.982341238709031
1.64000012129193
-0.100895743796758
0.128645323701058
0.217286970429295
-2.5339965883531
-2.58117405352369
1.42852780917334
2.42685895947825
-2.28327155003347
0.860522028030397
-0.244112152287089
1.44738613505313
0.166116624285711
NA
0.528141028653895
-0.80365112518687
-1.52092029821089
-0.37099932926919
1.81200236322367
-0.287881359386045
0.963692081188935
-1.23053153152063
-0.340113577611565
1.56125848989677
-0.0717268120173449
-0.139957643591828
0.880231749409947
-0.472110927348449
0.278144939885814
1.49595068792099
-0.534242009836405
0.368160560866817
1.41379667351056
1.81229156740699
1.42054652579194
0.576625567468145
-0.998046577462013
-1.3810868677053
1.42133907897845
-0.802453729706899
0.952303826404073
0.645268003510549
1.59524681144858
-0.144551976059976
0.746945930940664
0.41885542581039
0.957890860301171
-0.0641400058215672
NA
0.422292155542904
-0.504598191397385
0.749276698718499
0.530903022729127
-1.13712192709995
0.309021805519269
-0.366769753549086
1.29771684950366
-1.31806925457621
0.395306784914713
-0.742907344541663
-0.628589631574901
-0.00013389674511201
-0.373017122501613
1.17848752073081
0.641661428766887
-0.968692274014085
0.470790118149738
-0.986454612250064
1.33726244941534
-1.94428519968266
-1.07141806274936
-0.889982925056038
1.06841041654847
-1.17042832687358
-0.415733395820001
1.26009865854373
NA
1.06897708618943
2.15737763472561
-1.3577694429705
1.20305546217921
0.0697293114914113
-0.0392984366053792
NA
-0.111732532927291
0.0631927511058952
0.0171602164182597
-0.0272246820308075
-0.775181816053245
0.906469667784359
-1.3816227952826
1.97224431826051
-0.54290927512501
-2.05091371556698
2.41881377308959
-1.14791720876297
-1.90677143483243
1.94605120111215
0.62579749303458
0.308880077122908
2.53453627417761
-0.181176658065547
0.646599548067347
0.534123062824033
0.263609290012152
0.0329308967561959
-0.237425411006592
-0.599723339231172
-0.0718957520961957
-1.03703070843611
-0.686439192889805
0.0691716025286074
-0.358518747315438
0.952511357269223
NA
0.503409583205822
-0.292269368987441
-0.341842265123729
-1.02307882428235
1.31210216434322
-0.711124545956895
-0.588435677421504
0.173415893939116
1.69014755497077
0.229993828214337
-0.00803797505684822
0.168359158205677
1.64710449973407
-0.651668979532275
NA
NA
-0.0124738527296674
-0.56453539477005
0.166052873175472
0.425306474382143
-0.157980996604537
-0.996403324998169
-0.839033043462249
1.13225677231762
0.914033158034832
-0.338457315541661
-1.67495252090594
1.36795271571709
-1.30117211452405
1.30117211452393
0.0847651741803504
0.466837733316319
-0.803529449091532
-0.0259363670955708
-0.640324025140369
-1.01769829838462
-1.27692438902749
-0.144138410314504
0.824432270109541
0.163523152555467
-0.14676584480642
0.712371160873058
-1.3369850110236
-0.551585280999632
1.04383191760142
-0.158925798290213
-0.20768976987422
0.421537770755908
0.823843493403494
1.60288251406567
NA
-1.30670497196098
0.539756634858686
-0.371504469989404
1.65981242979487
-1.95029952037613
1.307468247176
0.855295284864992
-1.39238027645925
-0.684258161553472
0.0625596446892376
1.02788105909913
-1.61352992043799
-0.640898674470075
NA
NA
1.78118869285057
-0.81141297648139
-1.45061126475871
-0.137984603747586
-0.922015974931224
0.11497910079487
0.608212378046224
0.874771788367604
-1.27396483133815
-0.899273303590115
-0.903613116308187
-2.08588359371741
-1.24300249539384
-4.46786720907735
0.934260464975379
0.529196740967921
-0.499304199759597
-0.351190353132417
-1.4407367660505
-0.0995453453476978
1.61632781784229
2.26394446108775
0.403299673237742
0.106846983159453
0.000877784478339838
0.393252677152384
-0.699338949546408
-0.699338949546408
0.106846983159453
0.0402746028351936
-0.849850975490056
-1.24466484126329
-0.958513244642416
0.27498944544164
0.220674377077587
1.36520854280429
0.902545612772976
-0.514853986511543
2.21060257541027
1.03961856644754
0.254226814930339
-0.989841923826944
0.904184751881557
-0.517156510423723
1.40791893135135
1.28878093163153
-1.66022911097671
-2.66396749274328
0.141277338704398
-1.54680134282867
-0.755821112636637
-0.330004532384999
0.126610270824
-0.106746192392325
0.105292077903946
1.76043655566669
-0.591035982649035
-0.739768734628263
-0.178920695589514
NA
0.671033648373595
0.828144248911345
-0.675051734945871
0.217983349759727
0.784973368607175
-0.60180333775256
1.18560143362958
-2.11168229644464
-1.29138886913553
-0.975917571651062
-1.72539783813754
0.422505280676243
-0.265486648176536
-1.37439730644511
0.267959319392567
-1.05215427636024
-2.12596617951592
0.858970461644653
0.936518922987871
-0.72544647710073
0.764452289421195
NA
-0.269724440918957
0.319421750470617
-0.555545229507056
-0.289083704035778
1.67235196711544
-0.187237441618738
-1.42239723333362
-0.90198654716275
-0.986491189616471
0.0790834005194471
-0.749057706946022
-0.18917782070491
1.8109460031091
2.23582258795668
-2.05911932882758
-1.9521678594005
0.575023120711651
-0.53440953109365
0.151648245406266
