0.719095860333613
0.0324805244032342
0.541579032384267
0.220141270796251
0.484659488834373
0.545406573955177
0.628205476456895
0.42179165903948
0.522808716216133
0.405009540934521
0.291246259746233
0.917134682066864
0.151841335431526
0.0272924829958495
0.471379914801964
0.991738407691462
1
0.248093771456635
0.248093771456635
0.681289167570041
1
0.612945526045734
0.444562465451705
0.546986750364098
0.817079222459159
0.556413396042147
0.0297225985991345
0.803541277211216
0.0175112043228579
0.0641355176434099
0.00136516803770501
0.173062354424947
0.44987037862156
0.555145436304454
0.710673300640053
0.386001451468775
0.154078143848399
0.78717311704045
0.988042155828011
0.64693218334084
0.843653729139523
0.852743763846532
0.912010203135517
0.894756230282676
0.376737176540261
0.385530892336799
0.965455754691169
0.866077103830166
0.843751821670165
0.328679502187671
0.4504811285777
0.431132788349939
0.665782013603679
0.144571857119029
0.459628861007808
0.0481938302038913
0.0498133891159818
0.599522736089618
0.237546400838631
0.701013279915458
0.378020224623507
0.538480146029687
0.520365531146041
0.134194530773775
0.091080900514092
0.698691292847358
0.178024023480482
0.634902357950769
1
0.502839735574417
0.51936092189752
0.448568582458293
0.983460003945561
0.452697236673483
0.111422656054674
0.0897806584303149
0.514410231275219
0.607655568641195
0.186580169070309
0.914131976479982
0.479251431644637
0.0977846466847529
0.847059114148704
0.0373840692809785
0.968409321965846
0.382296997536482
0.926216575467334
0.177606473865758
0.253360901389763
0.359648689314697
0.806721678116111
0.411966259844596
0.203616403972614
0.756489117378352
0.66457568518962
0.00320943428773976
0.415773109112969
0.738156366128631
1
0.422302231565019
0.437341156049034
0.322316468221732
0.308277153668019
0.989557260669076
0.989557260668546
0.80369173106603
0.17565162005344
0.533155717702994
0.515906412768087
0.679092602084391
0.273742965356916
1
0.723027653586469
0.827795357714124
0.478940447034505
0.0407268690111249
0.229800174593824
0.509515974834118
0.962970717340452
0.955423574375733
0.444090022163415
0.1840084087454
0.313676132745267
0.16821969503992
0.32029556699839
0.462477686079102
0.686282886198969
0.543744727793543
0.851400045922761
0.442105292801695
0.497110089507059
0.525964266302578
0.614245134802382
0.352733832247408
0.11666476009558
0.140328095540245
0.88835292115928
0.847338697237308
0.888404322801592
0.492036739564428
0.450209483777775
0.0566739648570708
0.0497210737495425
0.148905245121575
0.29389399023684
0.554552763118417
0.0422051295751436
0.83675007273376
0.378806422143526
0.406285741719501
0.713368172713593
1
0.629838825675321
0.664148610507044
0.695553925393997
0.0607625148216114
0.672052344793674
0.440010228934242
0.0168088898075761
0.315264622121459
0.885985921384139
1
0.664722147115434
1
1
0.295439867982424
0.651133659679762
0.748252806669224
0.982763252116903
0.202233681390208
0.389938746265267
0.607081588795222
0.597252898184762
0.228090971381077
0.620267176702845
0.60597344424525
0.060696004560177
0.727868497752743
0.821309487930908
0.00337484082251277
0.0815754198705013
0.7919475893604
0.0704275433352695
0.0257580157990836
0.372801057069577
0.21400901984652
0.750450059984707
0.454015962025094
1
0.366709601356625
0.423133785310167
0.82279887145446
0.23345958067734
0.766866082044588
1
0.367554184937663
0.708722107449895
0.404847805139207
0.343677495523476
0.135272722985276
0.818407586184477
0.653364586691948
0.545153885133699
0.981582079380898
0.608297998749
0.108621147105027
1
1
0.462002587023951
0.681032423624189
0.00579153550292605
1
0.538787233675708
1
0.24972785165334
0.472376094059144
0.639448246166299
0.243078091191455
0.495214883169234
0.23666438885775
0.771072060167085
0.216580239146974
0.68740748145207
0.293749384011048
0.909732466730245
0.174982450090687
0.579301810650308
0.990836421277454
0.838002148209251
0.0264044969543448
1
0.195809394875996
0.884142014810225
0.128145962145133
0.306730154995381
0.790279783633031
0.306730154994749
0.986173502305423
0.328691769936705
0.811205610339423
0.223723875981388
0.840773844316073
0.86926767843083
0.964659761367744
0.882231967433702
0.592606986724951
0.349581396286043
0.459738715660829
0.854170180950634
0.28475009323808
0.721463948738507
0.132601650069498
0.214909227455304
0.00553200194397841
0.145761680157032
1
0.452713896710451
0.513701775815766
0.274888671312018
0.320910982738469
0.412078227841463
0.0219257802654764
0.777760042737937
0.249949497945002
0.710806771180231
0.0694076940997261
0.131490384197311
0.0795696116924187
0.712690474037651
0.793903094997177
0.821441844258157
1
0.207660079171364
0.155240287948271
0.00900275489218998
0.822976241484755
0.0173306398114602
0.964578647860227
0.936891254976263
0.573000187573554
0.526060128645631
0.0229739397887243
0.794243963203751
0.100921470272113
0.497889109220713
0.220256253272263
0.0170312999457285
0.442401032952975
0.829704630221573
0.478041403127155
0.46615261619199
0.0181603986882009
0.058027786727708
0.597066732121864
0.985788114024562
0.952692736526533
0.303968565312768
0.035764442126194
0.700994024884221
0.248432668759876
0.275515410852457
0.439509418332996
0.930684767510901
0.560254110573636
0.265188871028932
0.815013265882297
1
0.51620976181343
0.539034381699329
0.123747930038478
0.759295774996579
0.513625378894881
0.336735052212463
0.436271412650766
0.357068901074844
0.389400197965415
0.370321020113939
0.887692285895841
0.63262906126185
0.0308508383162566
0.247904611271756
0.639304257370827
0.77895972035504
0.0194963623711696
0.618898636680205
0.274534967488867
0.462012310692321
0.313798645337255
0.306156167477894
0.0576783778201798
0.232890569930989
0.190213903859984
0.604221953769623
0.151156833627498
1
0.185630952710764
0.0274483035986249
0.161431176315701
0.212953214075237
0.379851068488896
0.0512928293905873
1
0.419972697871875
0.262008025491752
0.402083107702309
0.334636098660777
0.572857095841067
0.493312855691336
0.280763662770864
0.139558176875078
0.860667808718237
0.529975439327085
0.0588462126548789
0.787339115353908
0.653772235132106
0.011712769239566
0.307402320540881
0.649979991754064
0.297961145709397
0.789317962549274
0.849527988260393
0.0898062373367017
0.560017215409982
0.928023480492536
0.396551086307603
0.216170364734701
0.6550635934923
0.38783710273424
0.768477049048829
0.834608927038461
0.373834389467855
0.663857642839554
1
0.204147736555864
0.249257809609912
0.0171933617382333
0.559632733169803
0.798953683944708
0.154042121414542
0.18283288688778
0.156278245264085
0.204203786741013
0.62107057770706
0.933874674935149
0.634198959221989
0.347742171596787
0.771930296533868
1
1
0.929017652225447
0.91762655080561
0.901570895512139
0.309535365034779
0.548925868013693
0.227831516729244
0.347562702093366
0.476275423300532
0.258935063475521
0.237214990447748
0.0367762570731117
0.450772548794586
0.393874577084093
0.39387457708387
0.373192378390571
0.498715351307585
0.865460934007122
0.472993699955732
0.719128243960149
0.861229111935113
0.246367139870211
0.556937760132163
0.433737501304032
0.161785444117427
0.213316243246781
0.335274121260916
0.290655671845058
0.367023872736101
0.843530595048201
0.976437164796616
0.691694409185591
0.18068468403108
0.536790439196559
0.099482585547608
1
0.762233116164819
0.196630477507197
0.455864264925248
0.88865229538736
0.482475529134989
0.589687732917691
0.537491488590879
0.908469402192048
0.0103005885476442
0.246745842866105
0.968382130855687
0.105439311772911
0.999486923557238
1
1
0.851773977610436
0.264999310060213
0.708452586138689
0.619074548852579
0.55264655170307
0.688733204319269
0.976727313388401
0.704932253859317
0.8295497669429
0.618013348074609
0.154439356306103
0.523164254733401
0.460541885212443
0.319671869630463
0.0773030224730404
0.80537619848822
0.407147704045781
0.945169605182595
0.0320642432513377
0.0522367348019446
0.298691775490794
0.0104356631383713
0.190224982298255
0.112113854793052
0.245245823765413
0.142554530732643
0.715772370767107
0.715772370767107
0.112113854793052
0.238377285820119
0.432300244383869
0.485020802378529
0.157360285550646
0.757661395767975
0.711120950621709
0.981462447951814
0.0159869636095947
0.351575255165078
0.0134731559802668
0.649370698359537
0.314005398060585
0.905037141505253
0.153927588419424
0.627698891489236
0.694268606431725
0.223755522886886
0.148278404711796
0.0876265842999864
0.693195620885623
0.141683628112098
0.749853177917255
0.992653922379097
0.663295593179198
0.550849356904781
0.165200036596617
0.0389457724738224
0.074107091913307
0.65542158169085
0.281816888362942
1
0.864688530198818
0.677059390144182
0.100082112527178
0.0572249774480947
0.0669175681819101
0.0861005240648283
0.251228844127165
0.240384401556829
0.0545564672922941
0.0704762997703107
0.570983278630498
0.554787866986343
0.677292273399089
0.798059417177534
0.0714784379859191
0.882774874699866
0.326152930833606
0.768827839080803
0.460258364873782
0.804634041395696
0.638356314103897
1
0.906641068720649
0.869655144527133
0.375002310330474
0.619227055496865
0.32057171772353
0.693713278482258
0.87292097789591
0.678919463068391
0.627695572244454
0.687881673106259
0.0185670825859377
0.133365192796924
0.18707794056236
0.118252062729187
0.289549600554372
0.489016347557047
0.285653061218401
0.363431387849386
0.066736943851813
