0.254722410067908
0.247006980577156
0.2467726667241
0.246232245752201
0.246034754127237
0.251334022579981
0.245546036971449
0.245955230344995
0.249916385395135
0.245565599097729
0.250661927758561
0.248974041756992
0.249567012585706
0.254246874120424
0.253471218605716
0.247353475544222
NA
0.252004016922794
0.252004016922794
0.24769600485502
NA
0.245720052109048
0.248635687243156
0.251821110551394
0.245579375409646
0.250915096750584
0.251391790615372
0.246877187555702
0.245799709464683
0.250743200309354
0.248371381403413
0.274097646837814
0.24598973707934
0.245558245451159
0.247659162008634
0.245557095291361
0.245965937475733
0.250241652767339
0.245776676539311
0.245869954904822
0.249113741933234
0.249852274334572
0.248305378802447
0.24811954921423
0.25619859843718
0.253610716759441
0.248938357220076
0.245548423872235
0.248443600743588
0.245890193154452
0.249654493106981
0.25389789784186
0.245963667293772
0.254855104043461
0.249233633987455
0.250526435600679
0.248617020444036
0.25575185030665
0.245549801192503
0.250882700024297
0.24555386647388
0.256037081026973
0.246219134944089
0.257153178320283
0.25151460244792
0.246228411561945
0.248255001317768
0.261993725074211
NA
0.245811126488957
0.249281741049971
0.245573884043691
0.245552412969873
0.247425713090726
0.245548368721006
0.246192706508304
0.246875638604373
0.247845218604843
0.250028343572815
0.270996831149212
0.246729022672219
0.245659807056625
0.256894014636769
0.257752277692792
0.24736918617216
0.249972998453594
0.247918710436992
0.256864813038977
0.253624252354852
0.246085402498151
0.252728253626461
0.257296740248756
0.251722570737863
0.250490569057909
0.245551641541529
0.248559864014036
0.246050279514325
0.249463310239531
NA
0.246489852842524
0.246767446566559
0.246239525809105
0.247117074243445
0.246671712749857
0.246671712749858
0.246999407764282
0.251065925900957
0.245924118393814
0.246644785316625
0.246373626456776
0.246338133308875
NA
0.245780685978398
0.247130277870176
0.245816929912398
0.260113480520702
0.247999690671279
0.245657789470766
0.245568826448501
0.248253649693902
0.255355040135025
0.248512450565741
0.248026002039832
0.249209732580098
0.248484350306279
0.248322420830554
0.245678398702597
0.245845736648313
0.251149496736642
0.246732679648556
0.245555451300604
0.246383735843539
0.247765421782612
0.247782216432299
0.247506850381009
0.246978492506048
0.25636269802693
0.252908573258454
0.254548221899076
0.248437306007856
0.246473740398477
0.256713711999378
0.246913901287914
0.247647814863441
0.250229643656173
0.248064701924832
0.246530918375949
0.257736609723097
0.250273058505238
0.245604991514968
0.247207085547674
NA
0.248189829536267
0.25002516308049
0.245572454743977
0.255128452142906
0.247383413950859
0.248877241370706
0.245556303337822
0.246135838629673
0.245741612645992
NA
0.254394649724807
NA
NA
0.246009561735256
0.2491808904017
0.263972792762597
0.250210305735278
0.246752988817532
0.249088098488089
0.253301082056595
0.246469954946418
0.249752908660952
0.245757672415596
0.259526374537638
0.254610322967654
0.249798645542917
0.247175682883403
0.248653068324679
0.248124000553217
0.245573367834325
0.260334234166914
0.247234648930332
0.252022329845237
0.245547714856932
0.250932039634213
0.246908951109801
NA
0.245556571661566
0.268567125226356
0.255733975285611
0.247323897755739
0.254509985654238
NA
0.249144880293022
0.25217796902417
0.24823150152209
0.251377542624658
0.24566770944433
0.24668675630382
0.245580890902777
0.254489406605076
0.24556409361282
0.248054257620275
0.246089692506374
NA
NA
0.245552089167215
0.246591176948815
0.249069058433109
NA
0.246404229402724
NA
0.247154471911942
0.252919725130559
0.247916438963489
0.24556603326188
0.24710295192882
0.248849581082698
0.245546274544668
0.24754386416353
0.246645153618226
0.245691397644401
0.250906118325193
0.245742159507369
0.245549073423264
0.25222558300181
0.248912495156355
0.246585674407538
NA
0.245673962618018
0.249690229633337
0.245803459618998
0.246751083093457
0.248211569879792
0.246751083093456
0.258027898881764
0.247235133425305
0.248717368618756
0.247261817474701
0.249122215440071
0.25016183420175
0.245630955588455
0.249794755215529
0.250701687531694
0.246366604789273
0.245731658067973
0.263180630603432
0.24564969878601
0.247487967911593
0.246566012540755
0.245621321858747
0.263935728806277
0.248194738466585
NA
0.254294518340261
0.250905001699974
0.249165495521335
0.259121467443599
0.245568314401886
0.259509478636075
0.249434787449369
0.246620627956066
0.245547201299379
0.245546509546937
0.245550345569216
0.245632915797665
0.24622856621404
0.247660585552794
0.247628959505136
NA
0.248057525295202
0.245584050567848
0.247459834748805
0.245610034143975
0.24602732260325
0.245675518802856
0.245862162259448
0.249960197677759
0.245552132509354
0.247095339391167
0.248816357423164
0.24563087723875
0.245573403580447
0.246065071539804
0.245993222831998
0.245549125671641
0.253353529910519
0.248487843399106
0.248615939279899
0.249512248926466
0.25090442432746
0.248241341557547
0.246535481828711
0.246731248476011
0.245571929314609
0.25076808477347
0.248209824143455
0.245779285916719
0.249592387931385
0.245545898280295
0.245752807799868
0.246002197170584
0.253488072907928
0.24776151700973
NA
0.245703316275451
0.245562892840053
0.245601744923268
0.246373957907135
0.24690533680982
0.246679838154702
0.24630065520767
0.251016385634839
0.246231625123417
0.246626064014545
0.24619384208761
0.245875573072711
0.2455730995921
0.247347164190338
0.247068950241163
0.245683167287825
0.245735866635106
0.24580360628701
0.245561635033788
0.245647401993411
0.259521289299284
0.245794870479867
0.249489282898561
0.250441033373073
0.249660507531644
0.249884653763112
0.248655722666389
NA
0.245613886446801
0.245564658315074
0.249152726738168
0.245971568230797
0.245630615131164
0.245545877493834
NA
0.248220069699484
0.246750796735934
0.246262877914159
0.246506088536559
0.245620730596894
0.257074543905423
0.270574886149641
0.259647409954737
0.272791248060319
0.264260427366329
0.245814220194794
0.26262108013782
0.24594186776038
0.245580810819255
0.246133643152321
0.246000040173078
0.254847208125533
0.254434078682757
0.245675009217339
0.250630258184743
0.259929931425798
0.247668213277811
0.249048022598283
0.248409114603963
0.25284081019646
0.253669166985087
0.246238829356788
0.246426356365586
0.247792020577739
0.248807499118399
NA
0.246862183741693
0.26702702692255
0.255245699727728
0.245546935915115
0.24999883642324
0.248953100241633
0.254022043757615
0.247193659871399
0.246508899803971
0.249442326938729
0.249250472031654
0.251352608629006
0.250357766850788
0.245727488700377
NA
NA
0.254988574628648
0.246754551135803
0.246137557699248
0.249114509268972
0.245547065585624
0.247181381168393
0.253165016603865
0.247652382018471
0.245712437966539
0.247772429422601
0.245738129866063
0.248250233743933
0.249002637710312
0.249002637710312
0.24647250680153
0.25075042393762
0.250545345993646
0.245545960701769
0.247165441979876
0.247805332410356
0.245560877369613
0.245556088159224
0.250595556801631
0.24644455853374
0.250092218156607
0.247038520818954
0.24815199267178
0.246799599860205
0.247595562468064
0.248356098957009
0.246455036310539
0.246316773800774
0.245599797545615
0.246773266510926
NA
0.263980348349231
0.28461148276862
0.245666241371775
0.257818432001549
0.24599989777727
0.246996878871815
0.245759244112713
0.268937610219348
0.253990585565845
0.247655411958584
0.2455567572542
0.246557195607829
0.251283073694499
NA
NA
0.248022263031219
0.24599966490588
0.24905245259899
0.245579620454953
0.248111181022878
0.248032059867936
0.246840122338774
0.245578399943309
0.247799813918133
0.250725522108447
0.249694120621679
0.255683756093571
0.245681427298087
0.245545991834186
0.245545798856374
0.245596577018097
0.245713101791495
0.245618911499867
0.249588367002331
0.248945434676176
0.247015029047878
0.247799133795479
0.247201697769636
0.245626425328126
0.247059278387917
0.247900298761749
0.245675412141236
0.245675412141236
0.245626425328126
0.245705860437583
0.246928873531442
0.246137485335948
0.245570346925435
0.246326761483303
0.245607159793543
0.246355159994661
0.253884139114273
0.245913443992228
0.245555838529964
0.249038935472101
0.245917299813685
0.248161819249281
0.24555131463552
0.250521295386192
0.249807873232569
0.246191253245479
0.250089128552819
0.245977928710804
0.248514712842119
0.246413095981416
0.252676930673493
0.250466604070896
0.245882802949198
0.26442530877367
0.245723174570229
0.245588497170885
0.248774399628829
0.245918986516029
0.245688393882045
NA
0.254808466943934
0.249401841057888
0.249173449903127
0.248357792201694
0.246219182708613
0.24622988539066
0.245931689568281
0.248862534673902
0.246499953361488
0.24779803342248
0.245819537338029
0.247144580636089
0.252512135240533
0.247663244195454
0.246502561150987
0.258817311629866
0.250297489917701
0.248545092299249
0.24737048411983
0.246210003844443
0.258316079023245
NA
0.253059645052477
0.246754495337689
0.247260844580015
0.24655995604354
0.247010001995744
0.245664891922692
0.245563801149997
0.246194803899786
0.245548072187464
0.24597874614941
0.248276934878909
0.246928193004613
0.246504479411979
0.246789322524499
0.245644858266169
0.247530789430359
0.247277810948819
0.245549818565094
0.247287480625115
