0.477211027387335
0.48581437014392
0.477678376199812
0.479856415300729
0.477900880720715
0.477664902216016
0.477412972515091
0.478202775810988
0.477747051435368
0.478295297439049
0.479105002591435
0.476983449988103
0.48091942352223
0.48639884823439
0.477959298268812
0.476962877555399
NA
0.479529478965957
0.479529478965957
0.477286535512019
NA
0.477454096132921
0.478085734102332
0.477659390569545
0.477065372749011
0.477627120224187
0.486111767300471
0.477081467873413
0.487909971631818
0.483582325468252
0.49701714610906
0.480537716619359
0.478059767882886
0.477631400664952
0.477226860183135
0.478407109698397
0.480876394533777
0.477102598397157
0.476963102910378
0.477365500598129
0.477037335662427
0.477028808004542
0.476986110214025
0.476996262959991
0.47846451015355
0.478409977858752
0.476966271846202
0.477017263893987
0.477037240773642
0.478797191593185
0.478056810754299
0.478153624481619
0.477320910650544
0.48106440502895
0.478013260660858
0.484508645750723
0.4844006171594
0.477492153905827
0.479647326129445
0.477245708224528
0.478456441795292
0.477689414394952
0.477756316696215
0.481286317793129
0.482471819699175
0.477250349923188
0.48045622310435
0.477395623832141
NA
0.477825081585679
0.477760148817198
0.478066091911422
0.476963496700606
0.478046133326585
0.481849082262603
0.482516700299154
0.477779225517866
0.477468880377539
0.480321703636234
0.476984989097561
0.477924350936585
0.482251019637285
0.477034078148716
0.485345852736565
0.476965682232884
0.478429825020915
0.476979132659021
0.480462979215898
0.479472907766217
0.478575779337641
0.477077575224444
0.478256267533895
0.480074159025857
0.477147272444027
0.477323670943435
0.493901012895206
0.478235319053154
0.477177217329106
NA
0.478200047024649
0.47812184201857
0.478846176272078
0.478958916477322
0.476963000569792
0.476963000569792
0.477081282174007
0.480494856282564
0.477708653637575
0.477773426371714
0.477291281005542
0.479267003353971
NA
0.477203825382116
0.477053504913954
0.477925713812029
0.48506219173876
0.47973801456081
0.477798402639793
0.476966808828961
0.476968669030014
0.478088068648305
0.480361369112477
0.47891477806611
0.480619902382026
0.478862002720872
0.477999977133585
0.4772758967338
0.477670730809797
0.477030034864124
0.478097918225954
0.477848465729561
0.477735197854858
0.477450506151354
0.478622910604393
0.481708848672294
0.48115291314196
0.477000502791181
0.477033814054538
0.477000467734085
0.477869555499244
0.4780581252289
0.483981070882888
0.484406673904016
0.480977011959648
0.479081577797863
0.477633407805317
0.484944501189314
0.477044171680473
0.478451516939612
0.478288063947131
0.477221733922905
NA
0.477408702483245
0.477324651185263
0.477256690702294
0.483756073370418
0.477306764771354
0.478108389751491
0.488050734873069
0.478901980668573
0.47700213510233
NA
0.477323335141028
NA
NA
0.479068026142538
0.477355289259136
0.477160418503036
0.476963567677117
0.480093325578326
0.478383305375969
0.477470501185759
0.477498768784129
0.479758524401661
0.477434085702949
0.477473639657044
0.483759602470241
0.477195121770034
0.477060596376171
0.493719605547893
0.482817327560033
0.477096243836454
0.48328297071438
0.48659425518337
0.478489505755797
0.479934872245233
0.477156862749665
0.478039818437545
NA
0.478528927027694
0.47819561331626
0.477058943172692
0.479694717255981
0.477131412404366
NA
0.478523406800907
0.477230607510372
0.478296216540214
0.478686586466822
0.48126237599769
0.477063860003233
0.477349931338785
0.477665786347106
0.476963694694625
0.477467070163618
0.481927053956094
NA
NA
0.478002183364575
0.477287088101175
0.491783962080578
NA
0.477688315352392
NA
0.479511771135151
0.477954823194434
0.477384084963789
0.479584739255551
0.477856301441592
0.479657469687287
0.477125204591961
0.479901652240355
0.477273529387562
0.47908285014562
0.476987344702202
0.480505862717385
0.477552965512836
0.476962924946861
0.477042908721078
0.486510483239311
NA
0.4801844511908
0.477003431072292
0.481424759832721
0.478971750025937
0.477098445616827
0.478971750025937
0.476963248204985
0.478797098372487
0.477072203723217
0.47981178178326
0.47704014945513
0.477014670209877
0.476966439779647
0.477004796085395
0.477512472745665
0.478644820244453
0.478012746003636
0.477027518398141
0.479163647766212
0.477206675361372
0.481322086922065
0.479923187610591
0.4919472623616
0.481040116692621
NA
0.478046053367533
0.477781981761103
0.479256002331136
0.478857169219842
0.478255647303197
0.487140876119522
0.477115592705637
0.479509380233785
0.477226604946717
0.483329490623236
0.48134732793956
0.482895825782021
0.477223017687917
0.477093686754843
0.477060448862835
NA
0.480018980691062
0.48085431867134
0.490223301400136
0.477058747278607
0.487945594332663
0.476966457107782
0.476974704917192
0.477572803602273
0.47773483973928
0.486982018850097
0.477093243727732
0.482153332341702
0.477845259512117
0.479854969286262
0.488005507269102
0.478096446229297
0.477051470553284
0.477929661999668
0.477983033288156
0.487784974597949
0.48390469886027
0.477499313651778
0.476963280790879
0.476969427240292
0.478994870199139
0.485493065571713
0.477245746537431
0.4795257947098
0.479250008824851
0.478110904286078
0.476977194430363
0.477614267146913
0.479351010402614
0.4770677489867
NA
0.477772254189454
0.477687431662145
0.481530099115656
0.47714290591817
0.47778227937929
0.47873696112916
0.478127269019217
0.478593216065067
0.478386540995771
0.478505445973488
0.477000954835061
0.477401465950053
0.485986741377165
0.479531538075898
0.477384447532392
0.477113902016315
0.487541743347726
0.47743778649954
0.47925939240788
0.478002138174241
0.478913788040995
0.478976533147415
0.483924226149493
0.479701395446703
0.480266734479839
0.477478625228343
0.480932735478436
NA
0.480336269159069
0.486379651341971
0.480739813962325
0.479948651521929
0.478444995450249
0.484305147896918
NA
0.478212537727982
0.479383117493307
0.478312011078394
0.478752467420825
0.477573259086732
0.477864216364964
0.479200486349551
0.481169294465037
0.477021809769045
0.47772031237478
0.483859447304016
0.477102374804687
0.477348957091248
0.489302087767852
0.478966163559864
0.477358077390714
0.479046118447671
0.477099724147483
0.477031763584967
0.482515810567557
0.47761505504947
0.476978334117407
0.478344095274072
0.479906916114968
0.477345880575969
0.478395968576017
0.477129019755594
0.477046355282386
0.47848290794531
0.477325319933476
NA
0.480066834906798
0.479516850140645
0.487972936095317
0.477616335179682
0.477087204383737
0.48087708183928
0.480379715563086
0.480834760616891
0.480066063602966
0.477431921551
0.476975885494854
0.477397426352592
0.478657728004455
0.477123953386855
NA
NA
0.476977903289984
0.476983203167372
0.476992032003162
0.478948540386517
0.477652667355418
0.479761654001605
0.478658992510868
0.477937452850936
0.479414599954988
0.479651132120671
0.485400296699381
0.478055401966231
0.478359852173993
0.478359852173993
0.478487004156733
0.477841868217405
0.477017772271026
0.477952056436479
0.477210967580268
0.477021329350334
0.47954834621305
0.47762535546164
0.478140205645007
0.480733414131907
0.479943904465543
0.478747740158478
0.479110264846177
0.478526870870854
0.477037454863649
0.476964346204842
0.477264600627703
0.480413600194743
0.477695482293601
0.482197722343467
NA
0.477138397256852
0.480172609571579
0.478031016037478
0.477000298843918
0.477910306596267
0.477521197782958
0.477692960526663
0.476988043091457
0.489750893982952
0.479544194173688
0.476965687420264
0.482018350250139
0.476962672555724
NA
NA
0.477029692279993
0.479352910318498
0.477231127499666
0.477437309787434
0.477639890960795
0.477270752054296
0.47696430520946
0.477237972214722
0.477051634663859
0.477440190120592
0.480869512735167
0.477745709525266
0.478008989168518
0.478866913793995
0.482987151860191
0.47707921362626
0.478283197182467
0.476971750370278
0.48585752192881
0.48424575516163
0.479039814529071
0.489705298981346
0.480266568774827
0.481830178046212
0.479560686221676
0.481106107035741
0.477217208674714
0.477217208674714
0.481830178046212
0.479637812428204
0.478147594813569
0.477899328076175
0.480814529155082
0.477145441679695
0.477226004693834
0.47696370802887
0.488223437281883
0.478630931557333
0.488815145312964
0.477359554709178
0.478912118419669
0.476989990813708
0.480879268338441
0.477414301977967
0.477259311438887
0.479811391350392
0.480989473942681
0.482592635565129
0.477261509526564
0.481124316948333
0.477157825149265
0.476962834471046
0.477326613805553
0.477646042081051
0.480672541794255
0.485210135735271
0.483120967423331
0.477345030323713
0.479190689233423
NA
0.4770184129751
0.477295709680549
0.482179141625565
0.483949754380229
0.4834462384301
0.482647673181476
0.479495630767029
0.479614996630519
0.484104516492822
0.483280764914898
0.477579244488169
0.477632611119152
0.477295200657405
0.477088339389897
0.483235787628396
0.477004405760538
0.478816489930592
0.477128501215864
0.478010314148318
0.477080122624302
0.477386839239707
NA
0.476989071536794
0.477014359646444
0.478475481585249
0.477436896744714
0.478859832305584
0.477260447897029
0.477011779932454
0.477291656777376
0.47741431069686
0.477272534312327
0.487709014085759
0.481304881223502
0.480314099981221
0.48166776114378
0.479120157075111
0.47788228542194
0.479155394462356
0.478550522356557
0.483454887877715
