0.360041018658077
2.14945464024716
-0.611197875772117
-1.22898052369817
0.699785225322806
0.605417277863636
0.484804137662188
-0.804533335955657
0.639849959023698
-0.834005797541857
1.05744612461376
0.104140393587219
-1.43709137617381
-2.21928464479496
0.721242313826211
-0.0103640778955424
NA
1.15747496347472
1.15747496347472
-0.411146077468495
NA
0.506457872509019
-0.765626423054301
0.603036706541895
0.231527344019928
0.588905528547605
2.18526476092205
0.249009601666867
-2.39038848675091
1.85879979762114
-3.23534518121381
-1.36601581948961
0.75672367370866
0.590799376324811
0.371340117763419
-0.868289249954931
-1.42925595612395
0.270249672556449
-0.0150012809037225
-0.458537920286397
-0.197410531527042
-0.185795306877882
-0.110606192803089
-0.132412116444254
0.885373628646592
0.869150885370978
-0.0433482239605614
0.168802940859715
-0.197285049195951
0.978534600138669
0.755703143645954
0.7884283668567
0.43241559219884
-1.46318314153113
-0.740510779494489
1.98459838242368
-1.97034136093457
0.525703223970622
1.18374776376903
0.38435822130459
-0.882992170082468
0.615893045396599
-0.643617887234602
-1.5022425089566
-1.69573193232495
0.387497074589536
-1.35035683250245
0.475373416085623
NA
-0.670921684292424
-0.645169873131922
0.758901543749046
0.0207503672217102
0.752006744859977
1.5970185307977
-1.70262511218959
0.652840925052941
-0.514019680503149
-1.32410383553576
-0.107928502812043
-0.708484065214138
-1.66140299525117
-0.193056091656112
2.09179635544742
0.0396398675295607
0.875090002870717
0.0926918883183291
1.35166191635341
1.14464880259111
-0.917585720645867
0.244895913873561
0.821701869051214
1.27438014047602
-0.310407089497533
-0.434078314095647
-2.97338001937629
-0.815021395659706
-0.334637613154481
NA
0.803647680987991
-0.777836996146517
-0.991512773109542
-1.02075583419118
-0.0131004438682774
0.0131004438689428
-0.248814902447994
1.35780271456797
-0.623992139831892
0.650518563685385
0.414147332973843
-1.09669905211366
NA
-0.354782242106459
-0.217739475974687
0.708985913285653
-2.05610183925247
1.20357538631631
0.660462562642033
0.0464687782871475
0.0559489201475616
-0.76642177612847
-1.33189879989153
-1.00940793193621
1.38162809129422
0.995669731565574
-0.735814419918347
-0.404336707669476
0.607924602469297
0.187510684977543
0.769768366803727
-0.679956829624044
-0.634996833543017
0.504604579024792
0.930894075325155
1.57393554078443
1.47888533295741
-0.140520297016844
0.192698755141141
0.140455173552779
0.688003722601888
-0.756156949984168
-1.91396508979119
-1.97114342557346
1.44751165168872
1.05164904107994
-0.591685332366226
-2.04110902234948
-0.206249815244647
0.881535386544194
0.831739225965567
0.367719764223408
NA
-0.482500055264429
-0.434667253469759
-0.391744254008638
-1.88303601308729
0.4237921479999
0.773310393458908
2.40570751978368
-1.00609381028972
-0.143519827055782
NA
-0.433876376717433
NA
NA
1.04828068847874
-0.452688858864889
-0.321269611795893
-0.0216246160808631
1.27829916253034
-0.861104828207123
-0.514841931917371
0.528976865139172
-1.20801442380228
-0.496039421016046
0.516430386351937
1.88352505816502
0.3483210844848
0.22607936026825
2.95741490892352
1.74809755293448
-0.264041880126509
1.81628414417317
2.24214567784023
-0.892711010769097
1.24552953790538
0.31836807858268
-0.749812029733199
NA
0.904162005312257
0.802206591479554
-0.224162854809683
1.19415016941651
-0.296773302874954
NA
-0.902567250925868
0.373964443880654
0.834293351501496
-0.94857760726944
1.49807746965214
-0.229815864211059
-0.449589401104766
-0.605798278046577
0.0231067299815953
0.513099784137699
1.60970979138885
NA
NA
-0.736596501238196
-0.411496684836763
-2.78136501903149
NA
-0.615427166042488
NA
1.15347547274039
-0.719621222921052
0.468995903692909
1.16986814198962
0.68295764878435
-1.18598196072578
0.291263141684296
-1.23854939583116
-0.402805826401397
-1.05196473759187
-0.113481595702413
-1.35991655419308
0.555071684979313
-0.0114956576296747
0.2046455057495
-2.23237370699938
NA
-1.29676978623057
0.145857375309508
1.52610371688999
-1.02403171830249
-0.266209196934017
1.02403171830383
-0.0173457526308697
-0.978509737818418
0.239103213532544
-1.2194657052611
-0.201095948852908
0.164744214211446
0.0443477349627645
0.148279615119585
0.535695178286828
-0.93701629869742
-0.74032937842193
0.183974955778588
-1.0718219209212
0.356872511716352
1.50844366754188
-1.24307884699574
-2.79664551898733
-1.4588446036376
NA
-0.751978995441566
-0.653941815523636
1.09407806532359
0.994402012434811
-0.821504857805928
2.30489191392179
-0.282519523905102
-1.15293440064814
-0.371160695772505
1.82295617557947
-1.5128043096822
1.75977762844558
-0.368629743488853
0.261502280018333
-0.225909013466568
NA
-1.26302982556898
-1.42521930368116
-2.6308558565849
0.223934674200033
2.39427451051341
0.0444495898585782
-0.0792509979119401
0.564321797849441
-0.634849635525817
2.28683427048119
0.26105977072407
-1.64598660511346
0.678725129100122
1.22867342224686
-2.4007961315397
0.769269151858404
0.215287348105204
0.710437743089905
-0.729780103075866
2.37670249641736
1.90352302072036
-0.529245612372738
-0.0178292844171128
0.0593803880655557
-1.02990706568857
2.11008291769916
-0.384384234526217
-1.15664397671501
1.09264747049493
-0.774158529734866
0.0870639146982498
-0.583181825412655
1.11651081365255
-0.234190502197316
NA
-0.650048136426965
0.615052317655376
1.54401247652646
0.306713950572063
-0.654060578451443
0.962337049175973
0.779655707655122
0.922531667116973
-0.86208489201335
0.897358883438033
-0.14135734417873
0.478569938055159
-2.17028215569565
1.15793913748786
-0.469197613830121
0.280953419523478
-2.34984252567333
-0.497982673091128
-1.09488641780704
0.736580490159758
-1.00915193513434
1.02524997753749
1.90619835901366
1.19560876430114
-1.313224941147
0.518943705270893
1.43950679608691
NA
1.32697153718029
2.21702604679382
-1.40409550415831
1.24841336937158
-0.87960260234164
-1.95765542815845
NA
-0.807693712789428
-1.12399053995308
-0.839219503878068
-0.966533043879622
-0.564532401392608
-0.685975476509823
-1.08075444745196
1.48177328916817
0.175690518021885
-0.628849332760811
1.89730882645925
-0.270033666683834
-0.449023518139241
2.53782858144958
-1.02260701004986
0.454293376323175
1.0428123765018
-0.267459655344926
0.189901461360484
1.70248873010032
-0.583534307675909
-0.0904156311008914
0.849138246994944
1.23965805445567
-0.447231851248989
-0.864934158513527
0.29466175052711
-0.208994545598937
0.890780114931129
0.435068586801652
NA
-1.27287937730284
-1.15462403387539
-2.39725290688174
-0.584106543217849
-0.25495089840031
-1.42938144947379
-1.33548881179434
-1.42163346617287
1.27272122876355
0.49489951034013
-0.0830477253479505
0.476361955415353
0.940604468311471
-0.290139879375968
NA
NA
-0.0891634197673859
-0.103520013434477
0.123792630123816
1.01809953306299
0.600120054035319
-1.20869034363401
-0.940955246831872
0.713293930686924
1.13127673223581
-1.18458655664938
2.09857787285422
0.755216473992293
-0.853967268987795
0.853967268988198
-0.891979392098608
-0.677419892146274
0.169587089385999
-0.718617138424801
-0.359997664910844
0.174975435317129
-1.16172116909647
0.588122947599856
0.783974049822857
1.40290547976536
1.24742062220214
0.965255781803711
-1.05874404226348
-0.903568325124163
-0.197568052042408
-0.0295631114468041
-0.39697878557452
1.34209407013885
0.61845888367849
1.65300977680209
NA
0.30285334067065
-1.29438445997987
-0.746742027744208
-0.140141012338912
0.703291695768152
-0.539929040127635
0.617393838108281
0.115076486412325
2.58356902070101
1.16078805666473
0.0396740048006329
-1.62444385237182
0.000643637309095464
NA
NA
0.187033271790741
1.11695481579138
0.374327148843804
-0.497732781929923
0.594537991890446
-0.401002370498627
0.0291989720109025
0.379069152144557
0.21548619440198
0.499240739293659
-1.42799881812363
-0.639302399787682
0.739003859040743
-0.996956145088921
1.7732695972292
0.246635712232021
-0.830210772028251
-0.0688374254549732
-2.15468753641743
1.94972168822333
1.04123355412566
2.57895919229697
-1.31319201037361
-1.59392631820619
-1.16448999908018
-1.47060236680341
0.364493986151817
0.364493986151817
-1.59392631820619
-1.18164845861219
0.786429969381845
-0.69920594733116
-1.41791462185479
0.308864033896286
-0.370738397430241
0.0232568440928166
2.42437020958121
0.933140035623692
2.48725022343242
0.455141252828479
1.00872006384708
-0.119411950140494
-1.42978060349237
0.485519275350719
0.393486286106769
1.21938214657077
-1.44975671396795
-1.71422483399951
-0.394941453910961
-1.47383038655437
-0.31915601068674
-0.00921553998881233
-0.435844024165742
-0.59723195565606
-1.3915356233117
2.07479500936545
-1.79285533944118
0.446735423403594
-1.07838608969087
NA
-0.170570211919035
0.416928730088018
-1.65007366284506
-1.90969020431857
-1.83959394558952
-1.72258344804847
1.14981789014785
-1.17659863380183
-1.93072394669922
-1.81596717275454
-0.567292623016575
0.5913338322624
-0.416609986311446
0.256110090600165
1.80949186804395
-0.147591035309419
-0.983668010799343
0.294202132471357
0.739471621208699
0.247595693085354
-0.470526041261524
NA
0.117385672377097
-0.164251505737202
-0.888601719027405
0.497516164595573
0.995100679997045
-0.394239309466523
0.160100194041909
-0.414384058570115
-0.485523961894925
-0.402160605972474
-2.36834690667101
1.50546396896651
1.3226043360952
1.56710797288431
-1.0611796306592
-0.692815647691956
1.06981045410089
-0.910373901905224
1.84082059822729
