1.73681063482587
0.693064405922695
-0.635071593639034
0.475049222805228
0.400940668472167
1.37938368919972
-0.0102491203713529
-0.366896178613175
1.19862487069451
0.0808418048596581
1.29683156359287
-1.0615741333462
-1.14972070570195
-1.69121129942036
1.61407140753501
-0.770867149389583
NA
-1.45702991119836
-1.45702991119836
0.840732112428918
NA
-0.239387403705709
1.00782817666565
-1.43624935188959
0.105184931235845
1.32853016603394
1.38624981447492
0.66156891804253
0.288947833192841
1.30709126059361
-0.963761637303705
3.06356505548169
-0.382041446651484
-0.0641727961395581
-0.833498476352329
-0.0611561416086261
0.371661666202022
1.24242571424577
0.275535107855515
0.32646828213719
-1.08298712025667
-1.18980139129232
0.952439230088407
-0.919812819096278
-1.87129783335196
-1.62821422514364
-1.05603485682312
-0.0298270543268306
-0.976000016328563
0.336502813774845
1.16215911548726
-1.65694964473049
-0.370656380739813
1.74932261293315
1.10103194749452
-1.2795444027398
1.00477937263963
1.83163943767081
-0.0366387526975383
1.32451618753948
0.0517563020246376
1.85705747883635
-0.470491288374864
-1.9533406644256
-1.40073500995872
-0.47372081490179
-0.943705823592136
2.32523058161827
NA
0.295370599062457
1.10818989096443
0.0962225472442302
-0.0469140392175666
-0.786118111371032
-0.0295215881293903
-0.461166612585018
-0.661183991552785
-0.869413132934547
-1.2138796677607
-2.89242943326979
-0.623674193756375
0.193656685247396
1.93141111937526
-2.00311566129654
0.774209578808269
-1.20636276019189
0.883197045121606
-1.92892455161915
-1.6295799791115
-0.421191487776264
1.53655563136372
1.9653830738526
1.42492832921612
-1.27492902895374
-0.0441287599783382
0.995386078408895
-0.407255249452925
-1.13479920902692
NA
-0.55709149043558
-0.63371917124419
0.477561329832867
0.718698578082061
-0.60838384447147
0.608383844471552
0.69126621354185
1.3470605474003
0.352683794599084
-0.601065276559571
-0.521675799737273
0.510370973504477
NA
-0.277916455242992
-0.721711762829031
-0.298582417007371
-2.18829471612212
-0.898140518544092
-0.191936713999797
0.0871566069900912
-0.943470393404193
-1.79567976132234
-0.987526182465334
-0.902942588007244
1.09745825078114
0.982838237267699
-0.955375553043359
-0.208840259088609
0.314039247803602
1.35721886846999
-0.62463717532972
-0.0565656273034617
-0.524851161008923
-0.854194842986093
-0.857420243096964
-0.802902660435722
0.686275331815049
-1.88565571676142
1.55572390579499
1.72024795270912
0.974939414263515
-0.552317423278895
1.91600648110356
-0.670627889679564
-0.831257926193343
1.24083604373765
-0.909959629538999
0.569077992557453
-2.00182967931852
1.24657337299386
-0.139586005379516
0.738996386710607
NA
-0.932286317228139
1.21344895818543
-0.0937493849342321
1.77481916413785
0.777224129775696
-1.04647979340347
0.0589893813338056
-0.440433142448524
-0.253758917862153
NA
1.70551213158881
NA
NA
0.390477037968575
-1.09313026320617
-2.4611471593526
-1.23827195479676
-0.629958345807971
1.07908838030536
-1.59665280258103
-0.551189807043657
-1.1759950770315
0.263955803506026
2.14374521886335
-1.72617106202732
-1.18236999019497
0.731978928029091
-1.01065871874154
0.920607865204486
0.0953367355094466
2.20481261580776
0.745101429903709
1.4590941997556
0.0256240047156979
-1.33062457973081
-0.669413602716298
NA
0.0597323111338909
-2.75090324428546
1.83003476811302
0.764534836679695
-1.71659086967496
NA
-1.08770250088902
1.47652183383707
0.939604150605685
1.38455950690602
-0.200251193534702
-0.612434433463257
0.107526899894198
-1.71461936991704
-0.077720800420758
0.908071216316666
0.422862219793459
NA
NA
0.0457655817594214
0.586223185561701
1.07618445999294
NA
0.53122995922804
NA
0.727200659344794
-1.55690161930824
-0.882774237516074
0.0817197248448067
0.715461695488784
1.04212649066403
-0.0135328567078404
0.810444104238506
0.601165977689989
0.218831426899741
-1.3274189482562
0.254112867862857
0.0332140024453897
1.48181244653987
-1.05200208441576
-0.584678423271473
NA
-0.205319382567132
-1.16720217663946
-0.291073152484999
0.629460942770578
0.936111180174929
-0.629460942769742
2.02560435700171
-0.745208293919881
1.02106193714087
-0.751070458132994
-1.08427232119325
1.23182147331879
0.167388823368543
-1.18182908536416
-1.30186086621972
0.519458869102483
0.247227375264768
-2.40766488891364
0.184878818296007
0.799027998383647
0.579124960223697
0.157646034964915
-2.45867075534301
-0.933151334704793
NA
-1.69583519283465
1.32728068372269
-1.09081311561878
-2.11247361258238
-0.0861855964574325
-2.14244944793516
-1.13066060002799
-0.594422908358684
-0.0220856479571295
-0.0161365065822507
-0.0390043929979316
0.169302590698626
0.473774468333156
-0.83377913716471
-0.827521426755096
NA
-0.908662459751736
0.112252668850709
0.793219998477192
-0.145402330635426
-0.397882609014904
0.206561345005823
0.322521292873777
-1.20461749514411
-0.0459209718993972
-0.713710786545743
-1.03687343810787
-0.167311874985249
0.0953983406722604
0.413181788375896
0.383538112987808
-0.0334715513939427
-1.60204261420816
-0.983422203638087
-1.00460250519426
-1.14186518327493
-1.32720918573962
-0.94132381323244
-0.57039445503037
0.624260485498142
0.0928236552119173
1.31021656440667
0.935804623276553
0.277087234702928
1.15334250901149
0.00771068650233082
0.260909173620637
0.387364787499309
-1.61578673121015
0.853443187705497
NA
0.227607159952828
0.075138615220411
-0.1357094373959
0.521780214787209
0.668525615805879
0.610575007623407
-0.498155536344388
-1.34100243051412
0.474834449528448
0.595924076353922
0.461571149286428
0.329284545683282
0.0948731682336486
0.769520323963411
-0.707607654537926
0.212560006895558
-0.250009583363535
0.291155958187788
0.0723350015108197
0.182825568815981
2.1433553070446
0.286182120741461
-1.13855471203236
1.26852707305974
-1.16300938853039
1.19426585637867
1.01109028585837
NA
0.149693504312514
-0.0789059477497637
1.08888749193196
0.37414342770492
0.167054197698328
-0.007254093826845
NA
0.937602343708211
0.629386168125539
0.485531664632683
0.561861046365322
-0.157028392477476
-1.94671299513457
-2.86835294580576
2.15300479563401
2.99265747055294
-2.48028123026319
0.297087085720655
-2.36915974808918
0.360860543234822
-0.107404420732527
-0.439613088872721
0.386448499047059
-1.74858059638579
-1.70930760775809
0.206155478084674
-1.29281160995025
2.17446511372378
-0.835281385376568
-1.07296701241851
0.97017521127688
1.54854840919297
1.63410372829708
0.477321579058062
0.53803226788785
0.859297525441035
-1.03546833566435
NA
-0.657830877458349
2.65729489192639
1.78564387181042
0.0200135007351616
-1.20987785429726
-1.05832691667927
-1.6692185829153
0.736004379209678
0.562682805452853
1.13175603877732
1.10354259423618
-1.38159649113197
1.25769234263357
0.2444398573058
NA
NA
-1.76181818295087
-0.630365825527574
0.441074184146967
1.08310356705303
0.0210514792348934
0.733257294207964
1.58258443564937
-0.832160459025315
0.234101368287262
0.855542133434384
-0.251493038510558
0.942875130240615
-1.06599228080085
1.06599228080101
-0.551950210576853
-1.30799926386712
-1.28197113750297
-0.00894279180075604
0.729675831065786
0.861839908877071
0.0705924734364766
-0.0583867690684229
-1.28839241455682
-0.543564197119195
-1.22249758462118
-0.700504106315888
-0.925591840080244
0.642004080354721
-0.820861513382533
-0.961151878254057
-0.546723177381977
0.503445480994074
0.133330117705696
-0.635226800146621
NA
-2.46165167524744
3.58350112353947
0.199042618293808
-2.00853633962577
-0.386387933119844
-0.690664675924672
-0.264932643717419
2.77295012902665
-1.66611821800474
-0.832758677267452
0.0602408164590681
-0.57661726178055
-1.37329957722944
NA
NA
0.902261742067915
-0.386288864293671
-1.0736453859817
0.105567133543268
-0.918316327323252
0.904044585556326
0.652295609466325
0.103649505116943
0.860786861294377
1.30486646213594
1.16774994974086
-1.82551896184228
-0.211210314187477
0.00949774707210483
0.00517422558821325
0.129299212915151
-0.234566961585657
-0.155112709424038
-1.15276936363764
1.05713579103368
-0.694970444782808
0.860656990011124
0.737797139633807
0.162879883054665
-0.705357579639608
-0.879764080540487
0.206476458799824
0.206476458799824
0.162879883054665
0.229436967454545
-0.674287296874232
-0.441047218629604
-0.0899782019790539
0.506695616299857
-0.142116140273632
-0.515825016546425
-1.65558431771045
-0.347673739695584
0.0576797890594889
-1.0715741413213
0.349491764392055
0.927335102388894
-0.0428939242677032
-1.2788839728341
1.18365200474737
0.460648386646836
-1.22208213598561
-0.376927162692116
-0.987902628762657
0.533966142963218
-1.53105604524714
1.27183583536736
0.332873664719118
-2.49118322829927
0.24152169066424
-0.118584670979573
1.03020114285084
0.350284080078298
-0.216563647471049
NA
-1.74493533321897
-1.12586119862659
-1.09201097667702
0.961441379914425
0.470507973709768
-0.474231883384824
0.356194628226344
-1.04416744573365
-0.560063491867743
0.860446829261202
-0.300014263232876
0.724961650000234
-1.51326203247911
0.834303052699995
-0.560828256179333
-2.08867526502558
-1.24979043514222
-0.992943991104034
-0.774485071534852
-0.467290625131242
2.04885382066026
NA
-1.57160311396617
0.630351276947307
-0.750857528809686
-0.577403551772654
-0.693780552197642
-0.197925189221554
0.0770998448221552
-0.461913506386666
0.0278217417699848
-0.377283434343358
0.947518104975055
0.674121398373736
0.561390143281898
0.639367602223529
-0.180524316352553
0.80778821036008
0.754562203272811
-0.0367166014290528
0.756665501142114
