0.231182795698925
0.469534050179211
0.279569892473118
0.25089605734767
0.437275985663082
0.433691756272401
0.243727598566308
0.0985663082437276
0.0537634408602151
0.0985663082437276
0.469534050179211
0.222222222222222
0.17921146953405
0.181003584229391
0.184587813620072
0.168458781362007
0
0.00716845878136196
0.00716845878136196
0.010752688172043
0
0.207885304659498
0.0286738351254481
0.154121863799283
0.483870967741935
0.159498207885305
0.299283154121864
0.204301075268817
0.415770609318996
0.467741935483871
0.444444444444444
0.207885304659498
0.292114695340502
0.175627240143369
0.440860215053763
0.241935483870968
0.482078853046595
0.046594982078853
0.240143369175627
0.240143369175627
0.301075268817204
0.132616487455197
0.028673835125448
0.0609318996415771
0.191756272401434
0.145161290322581
0.21505376344086
0.473118279569892
0.200716845878136
0.111111111111111
0.017921146953405
0.175627240143369
0.240143369175627
0.412186379928315
0.193548387096774
0.0609318996415771
0.363799283154122
0.21326164874552
0.471326164874552
0.046594982078853
0.281362007168459
0.017921146953405
0.431899641577061
0.220430107526882
0.232974910394265
0.206093189964158
0.0609318996415771
0.0752688172043011
0
0.335125448028674
0.014336917562724
0.487455197132616
0.456989247311828
0.388888888888889
0.315412186379928
0.17921146953405
0.218637992831541
0.025089605734767
0.405017921146953
0.0788530465949821
0.387096774193548
0.362007168458781
0.154121863799283
0.136200716845878
0.0824372759856631
0.0645161290322581
0.154121863799283
0.0304659498207885
0.111111111111111
0.186379928315412
0.444444444444444
0.444444444444444
0.458781362007168
0.057347670250896
0.032258064516129
0.405017921146953
0.308243727598566
0.277777777777778
0
0.0788530465949821
0.492831541218638
0.0896057347670251
0.340501792114695
0.186379928315412
0.186379928315412
0.175627240143369
0.046594982078853
0.277777777777778
0.0949820788530466
0.0967741935483871
0.0412186379928315
0
0.444444444444444
0.376344086021505
0.42831541218638
0.218637992831541
0.279569892473118
0.103942652329749
0.068100358422939
0.408602150537634
0.025089605734767
0.254480286738351
0.288530465949821
0.275985663082437
0.292114695340502
0.155913978494624
0.200716845878136
0.00716845878136201
0.089605734767025
0.304659498207885
0.238351254480287
0.157706093189964
0.0967741935483871
0.21326164874552
0.136200716845878
0.0896057347670251
0.0161290322580645
0.283154121863799
0.227598566308244
0.172043010752688
0.204301075268817
0.132616487455197
0.032258064516129
0.017921146953405
0.354838709677419
0.003584229390681
0.326164874551971
0.0860215053763441
0.279569892473118
0.164874551971326
0.224014336917563
0
0.0286738351254481
0.354838709677419
0.032258064516129
0.304659498207885
0.0931899641577061
0.0519713261648745
0.209677419354839
0.422939068100358
0.0860215053763441
0
0.218637992831541
0
0
0.112903225806452
0.419354838709677
0.028673835125448
0.207885304659498
0.137992831541219
0.114695340501792
0.367383512544803
0.195340501792115
0.283154121863799
0.121863799283154
0.451612903225806
0.412186379928315
0.227598566308244
0.100358422939068
0.265232974910394
0.265232974910394
0.258064516129032
0.137992831541219
0.372759856630824
0.0931899641577061
0.161290322580645
0.157706093189964
0.424731182795699
0
0.003584229390681
0.485663082437276
0.0806451612903226
0.0555555555555556
0.170250896057348
0
0.469534050179211
0.458781362007168
0.0824372759856631
0.03584229390681
0.111111111111111
0.390681003584229
0.043010752688172
0.207885304659498
0.0501792114695341
0.28673835125448
0.0716845878136201
0
0
0.299283154121864
0.370967741935484
0.00716845878136196
0
0.010752688172043
0
0.403225806451613
0.310035842293907
0.102150537634409
0.200716845878136
0.302867383512545
0.043010752688172
0.0824372759856631
0.046594982078853
0.139784946236559
0.331541218637993
0.39247311827957
0.10752688172043
0.410394265232975
0.078853046594982
0.281362007168459
0.0412186379928315
0
0.025089605734767
0.014336917562724
0.0483870967741935
0.003584229390681
0.025089605734767
0.00358422939068104
0.333333333333333
0.408602150537634
0.111111111111111
0.376344086021505
0.114695340501792
0.00716845878136201
0.354838709677419
0.010752688172043
0.136200716845878
0.206093189964158
0.043010752688172
0.170250896057348
0.0967741935483871
0.288530465949821
0.259856630824373
0.0376344086021505
0.224014336917563
0.209677419354839
0
0.103942652329749
0.00716845878136196
0.03584229390681
0.139784946236559
0.3584229390681
0.136200716845878
0.254480286738351
0.240143369175627
0.311827956989247
0.311827956989247
0.397849462365591
0.146953405017921
0.182795698924731
0.039426523297491
0.129032258064516
0
0.369175627240143
0.469534050179211
0.132616487455197
0.100358422939068
0.424731182795699
0.175627240143369
0.0734767025089605
0.478494623655914
0.157706093189964
0.028673835125448
0.139784946236559
0.0752688172043011
0.243727598566308
0.487455197132617
0.225806451612903
0.39247311827957
0.125448028673835
0.462365591397849
0.317204301075269
0.422939068100358
0.0645161290322581
0.462365591397849
0.0483870967741935
0.333333333333333
0.146953405017921
0.0824372759856631
0.247311827956989
0.360215053763441
0.222222222222222
0.0860215053763441
0.137992831541219
0.225806451612903
0.100358422939068
0.28673835125448
0
0.014336917562724
0.336917562724014
0.014336917562724
0.137992831541219
0.114695340501792
0.419354838709677
0.146953405017921
0.0716845878136201
0.014336917562724
0.297491039426523
0.0824372759856631
0.21505376344086
0.148745519713262
0.410394265232975
0.32258064516129
0.351254480286738
0.243727598566308
0.164874551971326
0.197132616487455
0.136200716845878
0.421146953405018
0.419354838709677
0.017921146953405
0.301075268817204
0.299283154121864
0.014336917562724
0.299283154121864
0
0.433691756272401
0.344086021505376
0.0860215053763441
0.437275985663082
0.232974910394265
0.021505376344086
0
0.209677419354839
0.220430107526882
0.21326164874552
0.204301075268817
0.139784946236559
0.0824372759856631
0.207885304659498
0.181003584229391
0.0519713261648745
0.175627240143369
0.259856630824373
0.10752688172043
0.134408602150538
0.293906810035842
0.283154121863799
0.412186379928315
0.157706093189964
0.222222222222222
0.333333333333333
0.338709677419355
0.336917562724014
0.417562724014337
0.150537634408602
0.017921146953405
0.224014336917563
0.28673835125448
0.182795698924731
0.10573476702509
0.301075268817204
0.482078853046595
0
0.489247311827957
0.308243727598566
0.195340501792115
0.089605734767025
0.00358422939068104
0.243727598566308
0.379928315412186
0.448028673835125
0.218637992831541
0.327956989247312
0.310035842293907
0.0896057347670251
0.189964157706093
0.025089605734767
0
0
0.0931899641577061
0.116487455197133
0.100358422939068
0.00358422939068104
0.362007168458781
0.102150537634409
0.112903225806452
0.0878136200716846
0.00896057347670251
0.00896057347670254
0.021505376344086
0.0788530465949821
0.0752688172043011
0.0752688172043011
0.268817204301075
0.181003584229391
0.311827956989247
0.114695340501792
0.222222222222222
0.415770609318996
0.010752688172043
0.168458781362007
0.175627240143369
0.254480286738351
0.24910394265233
0.191756272401434
0.154121863799283
0.279569892473118
0.146953405017921
0.046594982078853
0.103942652329749
0.243727598566308
0.354838709677419
0.304659498207885
0
0.0824372759856631
0.10573476702509
0.0645161290322581
0.315412186379928
0.449820788530466
0.326164874551971
0.191756272401434
0.146953405017921
0.046594982078853
0.198924731182796
0.0842293906810036
0.245519713261649
0.399641577060932
0
0
0.397849462365591
0.0824372759856631
0.28673835125448
0.121863799283154
0.25089605734767
0.161290322580645
0.413978494623656
0.390681003584229
0.111111111111111
0.134408602150538
0.367383512544803
0.370967741935484
0.272401433691756
0.265232974910394
0.139784946236559
0.28673835125448
0.279569892473118
0.0286738351254481
0.381720430107527
0.0609318996415771
0.014336917562724
0.408602150537634
0.0609318996415771
0.032258064516129
0.136200716845878
0.10752688172043
0.0286738351254481
0.0286738351254481
0.032258064516129
0.189964157706093
0.229390681003584
0.401433691756272
0.299283154121864
0.100358422939068
0.0913978494623656
0.474910394265233
0.444444444444444
0.232974910394265
0.150537634408602
0.14336917562724
0.272401433691756
0.0394265232974911
0.283154121863799
0.306451612903226
0.003584229390681
0.297491039426523
0.306451612903226
0.329749103942652
0.331541218637993
0.186379928315412
0.390681003584229
0.458781362007168
0.0232974910394265
0.182795698924731
0.42831541218638
0.483870967741935
0.433691756272401
0.0663082437275986
0.209677419354839
0
0.0788530465949821
0.0573476702508961
0.412186379928315
0.351254480286738
0.170250896057348
0.0788530465949821
0.057347670250896
0.166666666666667
0.025089605734767
0.342293906810036
0.166666666666667
0.175627240143369
0.209677419354839
0.111111111111111
0.111111111111111
0.369175627240143
0.439068100358423
0.451612903225806
0.154121863799283
0.342293906810036
0.327956989247312
0
0.351254480286738
0.17921146953405
0.403225806451613
0.0609318996415771
0.306451612903226
0.261648745519713
0.304659498207885
0.39426523297491
0.121863799283154
0.327956989247312
0.204301075268817
0.446236559139785
0.272401433691756
0.252688172043011
0.268817204301075
0.150537634408602
0.100358422939068
0.114695340501792
0.0340501792114696
