-0.254190516579201
0.171936577974052
0.723094043279139
-0.261354534526713
-0.915639613416595
1.3203546728344
-1.08614264770462
0.662684243225855
0.135319575670918
-0.59224864215196
-1.95024744295083
0.581352082510289
-1.08076013191077
0.329062860811244
-0.749479980375674
0.0401718209886991
-0.515299015302852
0.611467896488437
0.474085843251052
0.465902299582973
NA
NA
NA
0.452596043236584
-0.275741315061199
0.802451295554874
-0.988762890722326
-1.00427352061383
1.64197058813055
-1.05133758486338
0.113766003329713
-0.154140232034884
-0.0513259303517505
0.666364336308541
0.549443951583829
-1.09495747087625
1.08237383444275
-0.931763546239491
0.567612827470643
-0.264429203031148
-0.675298284489481
0.502182713295603
NA
-0.970623577284229
-1.23562178493824
1.90845533563682
1.45208421818665
-0.399253289240748
-1.57651796580177
1.17322626458867
0.851318371290569
0.816404273864347
-0.343049951481161
0.342718933568249
-0.799567404294635
-0.271998781793029
0.586015868389084
-1.42305773858165
1.67651698319724
0.675646536324751
NA
0.884470686769718
NA
1.46646425691437
-1.45155600719418
0.256694580586108
-0.331596178719002
0.139199460597667
-1.08756154255599
-1.28176803542188
0.387565647079204
-0.572289288713713
-0.531042896583105
1.07131154895949
0.465387561751576
-0.290691651627007
-0.0500917048382524
0.0437587277489637
0.769045366731499
0.474106083659469
0.451093614561187
0.243238119890415
-0.625139298495406
0.436920443719988
-0.0389508353807861
0.117626205577201
-0.11179644170178
-0.314856028648633
1.06185429482475
0.0356974735990591
0.869766868358798
-0.307167269031217
-0.195007447770905
0.0240102691144715
0.492200168469614
-0.6296469308516
1.01378044780869
-0.0207483111488984
-0.124860861174727
0.597328139076848
-1.73022019319159
-0.12336228206512
1.64698774165016
-0.0858911519439075
-0.460981128178385
1.68252655372897
-0.348400346944049
-0.0270139021661381
0.14281517046576
0.933086089169243
-0.335802001965588
-0.690258638892909
0.574739391126495
-0.492269053432875
-0.942626059389663
1.76591754412583
NA
1.15869702170991
1.15869702170991
0.814505080143158
-0.386959892093143
0.430837432168023
-0.159726510700197
-0.266185537074288
1.46343498469411
0.654177744115928
1.22050847565986
-0.729242432673263
0.279040675631652
-0.472459712358698
-9.60400984414658e-05
1.4675156937818
0.593158685601763
-0.114764782317226
-0.440390545249051
0.905034446838013
-1.24010424200986
-0.0939030345474826
0.963942232375497
0.0180836014832518
NA
1.95098176318124
1.56101721323906
-0.174206502577978
2.55513976878317
1.1918158735744
-0.593158373319051
2.85569247238311
0.12820589923992
0.800285529786843
-0.406102722732907
-0.0821231397746077
1.67934566806635
-0.238539255248722
0.725869147660171
0.783177336470098
-0.103621615818136
-1.13805626977482
-1.57287116371775
NA
0.212741268253593
1.24147277957768
-1.00479894451314
-1.18166881968528
2.17818549032703
0.907828232050213
-1.2266750001661
0.231692200036278
-0.0858682939682639
-0.260048720709179
0.297089038801902
NA
2.75210566849436
-1.28795478041663
-0.219050058813798
0.629495825219056
NA
-0.175896959565565
-2.18717004621281
0.47442368531711
-1.77698461425598
2.20767737844513
0.0571173643950335
-0.58890720285882
0.102311607076607
-0.311230787141822
-0.505494263272322
0.716520641223896
0.540367705799221
-0.865326482063768
-0.782931040809693
-0.975738327934906
0.110206647565694
0.0223497342035344
NA
-1.43824978850283
-1.22989574776192
-0.415745770156304
-1.00240392316608
-0.727188355826273
1.28142010414523
-1.67956455891217
-0.968070183271328
-0.179222100375552
1.68994476912045
1.526120253187
-0.151408017059278
0.708784587551348
-1.69088713173438
-0.983141408930455
-0.082548931127221
-0.440924369814034
0.665403667462445
