0.265060240963855
0.0120481927710843
0.106425702811245
0.273092369477912
0.36144578313253
0.369477911646586
0.447791164658635
0.369477911646586
0.313253012048193
0.389558232931727
0.41566265060241
0.196787148594378
0.226907630522088
0.126506024096386
0.168674698795181
0.353413654618474
0.375502008032129
0.421686746987952
0.130522088353414
0.0160642570281124
0
0
0
0.00401606425702811
0.1285140562249
0.0281124497991968
0.072289156626506
0.00401606425702811
0.0522088353413655
0.00401606425702816
0.285140562248996
0.00602409638554217
0.337349397590361
0.327309236947791
0.419678714859438
0.112449799196787
0.168674698795181
0.100401606425703
0.273092369477912
0.00803212851405622
0.493975903614458
0.0742971887550201
0
0.136546184738956
0.164658634538153
0.104417670682731
0.234939759036145
0.13855421686747
0.0481927710843374
0.265060240963855
0.118473895582329
0.0943775100401606
0.253012048192771
0.3714859437751
0.230923694779116
0.343373493975904
0.110441767068273
0.273092369477912
0.263052208835341
0.0963855421686747
0
0.14859437751004
0
0.236947791164659
0.244979919678715
0.248995983935743
0.178714859437751
0.469879518072289
0.357429718875502
0.355421686746988
0.439759036144578
0.224899598393574
0.399598393574297
0.072289156626506
0.0441767068273092
0.275100401606426
0.21285140562249
0.317269076305221
0.246987951807229
0.389558232931727
0.144578313253012
0.186746987951807
0.317269076305221
0.234939759036145
0.100401606425703
0.369477911646586
0.349397590361446
0.481927710843373
0.0763052208835341
0.5
0.180722891566265
0.122489959839357
0.387550200803213
0.407630522088353
0.261044176706827
0.116465863453815
0.172690763052209
0.3714859437751
0.122489959839357
0.375502008032129
0.325301204819277
0.0843373493975904
0.421686746987952
0.321285140562249
0.393574297188755
0.00803212851405621
0.389558232931727
0.0441767068273092
0.48995983935743
0.246987951807229
0.194779116465863
0.421686746987952
0.485943775100402
0.216867469879518
0.188755020080321
0.0120481927710843
0
0.200803212851406
0.200803212851406
0.321285140562249
0.345381526104418
0.377510040160643
0.29718875502008
0.0401606425702812
0.168674698795181
0.289156626506024
0.449799196787149
0.14859437751004
0.144578313253012
0.0522088353413655
0.421686746987952
0.0441767068273092
0.220883534136546
0.240963855421687
0.236947791164659
0.453815261044177
0.253012048192771
0.0200803212851406
0.311244979919679
0.0963855421686747
0
0.14859437751004
0.0602409638554217
0.200803212851406
0.317269076305221
0.192771084337349
0.172690763052209
0.389558232931727
0.214859437751004
0.405622489959839
0.140562248995984
0.140562248995984
0.413654618473896
0.132530120481928
0.345381526104418
0.413654618473896
0.313253012048193
0.0522088353413655
0.118473895582329
0
0.036144578313253
0.0682730923694779
0.0763052208835341
0.27710843373494
0.433734939759036
0.325301204819277
0.401606425702811
0.353413654618474
0.174698795180723
0.122489959839357
0.198795180722892
0
0.0843373493975904
0.192771084337349
0.329317269076305
0.130522088353414
0
0.41566265060241
0.198795180722892
0.477911646586345
0.315261044176707
0.0120481927710844
0.413654618473896
0.0602409638554217
0.471887550200803
0.257028112449799
0.20281124497992
0.20281124497992
0.409638554216867
0.477911646586345
0.248995983935743
0.0421686746987952
0.230923694779116
0.216867469879518
0
0.226907630522088
0.224899598393574
0.0160642570281124
0.0220883534136547
0.230923694779116
0.333333333333333
0.301204819277108
0.00803212851405621
0.0321285140562249
0.0963855421686747
0.0281124497991968
0.172690763052209
0.108433734939759
0.196787148594378
0.00803212851405622
0.224899598393574
0.0602409638554217
0.176706827309237
