0.254480286738351
0.014336917562724
0.0949820788530466
0.290322580645161
0.365591397849462
0.390681003584229
0.421146953405018
0.3584229390681
0.311827956989247
0.390681003584229
0.413978494623656
0.193548387096774
0.224014336917563
0.120071684587814
0.172043010752688
0.354838709677419
0.378136200716846
0.426523297491039
0.120071684587814
0.014336917562724
0
0
0
0.003584229390681
0.121863799283154
0.0286738351254481
0.0681003584229391
0.003584229390681
0.0537634408602151
0.00358422939068104
0.28673835125448
0.00537634408602151
0.32258064516129
0.324372759856631
0.415770609318996
0.10752688172043
0.172043010752688
0.0967741935483871
0.279569892473118
0.010752688172043
0.483870967741935
0.0734767025089606
0
0.14336917562724
0.157706093189964
0.0967741935483871
0.227598566308244
0.14336917562724
0.046594982078853
0.272401433691756
0.120071684587814
0.0985663082437276
0.254480286738351
0.381720430107527
0.231182795698925
0.331541218637993
0.116487455197133
0.270609318996416
0.259856630824373
0.111111111111111
0
0.150537634408602
0
0.243727598566308
0.254480286738351
0.232974910394265
0.17741935483871
0.458781362007168
0.372759856630824
0.35663082437276
0.453405017921147
0.222222222222222
0.381720430107527
0.0681003584229391
0.043010752688172
0.277777777777778
0.222222222222222
0.301075268817204
0.241935483870968
0.383512544802867
0.132616487455197
0.188172043010753
0.302867383512545
0.243727598566308
0.0967741935483871
0.369175627240143
0.344086021505376
0.483870967741935
0.0788530465949821
0.496415770609319
0.17741935483871
0.123655913978495
0.369175627240143
0.421146953405018
0.258064516129032
0.132616487455197
0.164874551971326
0.378136200716846
0.109318996415771
0.35663082437276
0.333333333333333
0.0752688172043011
0.437275985663082
0.326164874551971
0.401433691756272
0.00716845878136196
0.397849462365591
0.0501792114695341
0.498207885304659
0.245519713261649
0.206093189964158
0.433691756272401
0.480286738351254
0.222222222222222
0.193548387096774
0.010752688172043
0
0.207885304659498
0.207885304659498
0.329749103942652
0.336917562724014
0.365591397849462
0.308243727598566
0.043010752688172
0.175627240143369
0.304659498207885
0.451612903225806
0.136200716845878
0.132616487455197
0.0537634408602151
0.415770609318996
0.043010752688172
0.243727598566308
0.254480286738351
0.229390681003584
0.451612903225806
0.25089605734767
0.017921146953405
0.302867383512545
0.0931899641577061
0
0.14336917562724
0.057347670250896
0.182795698924731
0.315412186379928
0.200716845878136
0.164874551971326
0.390681003584229
0.21326164874552
0.397849462365591
0.132616487455197
0.132616487455197
0.426523297491039
0.125448028673835
0.365591397849462
0.405017921146953
0.297491039426523
0.046594982078853
0.116487455197133
0
0.03584229390681
0.0645161290322581
0.0716845878136201
0.293906810035842
0.440860215053763
0.318996415770609
0.426523297491039
0.336917562724014
0.172043010752688
0.123655913978495
0.191756272401434
0
0.0931899641577061
0.189964157706093
0.329749103942652
0.120071684587814
0
0.421146953405018
0.206093189964158
0.476702508960573
0.306451612903226
0.010752688172043
0.422939068100358
0.057347670250896
0.467741935483871
0.258064516129032
0.204301075268817
0.191756272401434
0.405017921146953
0.46594982078853
0.243727598566308
0.039426523297491
0.216845878136201
0.207885304659498
0
0.21326164874552
0.229390681003584
0.021505376344086
0.025089605734767
0.224014336917563
0.331541218637993
0.308243727598566
0.00716845878136196
0.03584229390681
0.111111111111111
0.025089605734767
0.168458781362007
0.100358422939068
0.182795698924731
0.00716845878136201
0.229390681003584
0.0609318996415771
0.172043010752688
