0.077423708981405
0.561062698629303
-1.01207927113267
0.677352331537724
0.702691773674383
-0.728729416891897
1.75163526984725
0.832893446999416
0.149923074423185
0.332469976738561
1.94783387517819
-1.79245737001067
0.0931321990742312
-1.7627297633001
0.16881541100383
1.0475756795894
2.40814257640789
2.29279543073452
0.122978801798827
-2.69345338089738
NA
NA
NA
-0.0774387462663376
0.658203317831939
-1.34641507062129
3.84112441682502
1.99098451650553
-0.102834119085041
-0.898449617608068
-1.01530737089591
-2.20012678093555
0.967345079038242
-0.51318789072122
0.760188332652579
-0.023482977496583
-0.391532079406897
-0.605105115099467
0.724308221676599
-1.22296721919414
1.55013571256969
0.0630530727922521
NA
0.977335139837864
-0.562417177039206
-1.74053536953105
-1.20514541853612
1.48772121018882
1.74580358596538
-2.59377582516413
0.637712861419775
0.650433755161021
-1.41914996563323
0.0811910352889709
0.0757060332247881
-0.899922474920011
-0.306603901395794
-0.233877035623091
-0.178075981719746
-0.379457080794584
NA
-1.05074890142478
NA
-0.841092640480434
0.953513980469869
0.735104864527627
-3.38695551067021
-1.0589907053419
-0.634041789096669
2.1582677118015
2.80666898860851
-0.148873793950947
0.696709932113134
-0.660277809763047
-0.263239079905673
0.0160691423701208
0.396886299463935
0.401822256348068
0.750099687525783
1.91917064296979
-2.05691720242026
0.0805372619745456
-2.62578996368972
-1.18205157174511
0.039140272767306
0.208433869232017
-0.300798125220741
1.39051549140701
0.177681931419845
1.18174911558342
-0.485923069358651
1.48472926621669
-0.70638715162092
-1.120748150088
-1.7065991747843
0.285591143799156
1.29202767791939
0.124533046444231
-0.569543195983809
1.99756802200395
0.363505386284108
0.0432022038735136
-1.4473765731244
-1.52660951641069
-1.16338218355046
-0.923941264607103
-1.14836427727587
-0.333982895064349
0.590905876589692
-0.553263614244553
0.431159686718989
1.22939509669446
0.107034886853701
1.38681662955614
0.985193490720927
-0.17527459061468
NA
0.926587139269077
0.926587139269077
-0.378269486616303
0.480219763933871
0.322217780045163
-0.0406088676741558
0.20132978327128
2.8428362187519
-0.143690404349643
0.70685170500041
-0.247539742599232
-0.388199449765034
0.431317692837983
0.320180925005369
0.582314492563883
0.71944102568982
-1.33009400445928
-0.789282339611508
1.37429611257192
0.335521382828325
0.425321636055404
-1.15430585793119
-1.00780649423827
NA
1.08447840661928
-0.145799268855757
0.27945013157941
-0.215315087685412
-1.17402803558938
-0.454915160624643
0.850054395749241
1.05615555589789
-0.104438968101449
0.0955047543359613
-1.02232157634892
2.69623087359483
1.26717421828799
1.48715183679463
0.283592773375117
1.3870586690798
-0.301313181810282
-1.54059959609712
NA
-0.711959578542347
0.135751832440908
-0.679659003967012
1.36120429199951
-0.401496284352269
0.974274502053748
0.0405520016953116
1.97945792399367
1.91869549423633
-0.758400589422752
1.03042910568257
NA
-1.1072615765051
0.15005162426807
0.0312713672560396
1.47124351700593
NA
-0.981415350017137
-0.630666874305351
-0.975441860405075
-2.05077031447013
-0.382487416035247
0.391787482098726
0.0899161955279039
1.64880362647566
-1.6013177266776
-0.298531962990083
-0.389027608075123
-0.415948911638813
-0.464353268073324
1.63992407690133
3.0079218776144
1.23475764523982
0.758561647189874
NA
1.39565723587371
2.31097451789282
0.229274457305875
-0.341798054290315
2.17086120204832
0.0231037004609152
-1.45230182811168
-1.31957885877374
-1.64282063873111
0.987823817853763
1.68157206261657
-0.352890549320162
0.0540338654165732
0.134851494792489
0.54008595393761
-0.232964012394004
0.829002661957268
-0.205792186036048
