-1.30410222929792
-0.401830315639836
-0.484606435104008
-0.347725215255585
0.380360605102033
-0.554564896643487
0.287832030603605
-1.01532583786193
1.43297666942819
0.0194973309433505
-0.27380511907289
-1.75621156640833
2.04516341200224
-1.49125334434028
0.273396822464286
1.66444378911755
2.83612084296959
2.48210348635609
-1.37721267549181
-1.72990372196872
NA
NA
NA
0.4971424660677
0.709572750158924
-0.274088495620303
2.31370793213636
1.74599784762371
0.792727292685261
-0.637759091056252
-0.850814650067253
-0.393243096575199
0.775352785773562
-0.217702463694655
1.73054521647336
-1.90265595444629
-0.932328404721802
-2.39953944131176
1.24122902554343
0.5581512525394
0.413218685251049
-0.827923524538171
NA
0.616346754563696
-0.212984428962935
-1.36368842658037
-0.45720940840982
-1.14625254852562
1.08802661820612
0.27488273945991
0.818931477870604
0.654226705952297
-0.417574183620372
-0.616366766920966
-0.605133868697417
-0.210679872186217
-0.484144670188046
0.712820344743532
-0.50375719755154
-0.306770024732475
NA
-0.479369098765964
NA
-0.920109920745859
1.01089680012257
-0.367116228813663
-2.78443290009703
-1.4774096813477
-1.49340459414508
1.70691586234109
3.44643858216736
0.303846416899997
1.98504774493659
-1.28973126931062
0.980236107591674
0.119248310747237
-0.0763636089559951
0.523604257643872
-0.0526767610265356
1.75942194210988
-2.36184757421327
0.847518743328728
-1.99218970513074
0.473344006373312
0.437224196386973
0.6744052417548
-0.670327892220616
1.30715633906894
-0.699704975462691
1.35111884162029
-0.36441863319458
0.946056920940432
-1.27255044752489
-1.35224470407403
-2.4218613683235
-0.425347323160983
1.37173685921729
0.514382003582493
0.635406962781643
1.14294297737641
0.88851475769573
0.580256462394962
-1.54152464632857
-2.05736922562495
-1.17716179657747
-1.4313525849929
-1.3939898968604
-1.07109157100322
0.815615283468291
-1.19525517048138
0.179935885824622
-0.475237761013829
0.35932509495193
0.735285629449536
1.07136224578055
0.826108819535199
NA
0.57411236648926
0.57411236648926
0.533248245020798
-0.325142721902051
0.424977128048097
-0.724311439626595
0.455468497741911
1.46316815212903
0.591466383696951
-0.211726954795158
-0.701457460003794
0.552150386199503
1.25248056628168
0.22034185599436
1.39321540457522
1.81456185027665
-1.49598051912545
-0.359244299660786
1.53878432131117
-0.0061723718785825
-0.11241099932366
-0.960403625531506
-1.66936791221808
NA
-1.1357661931618
-0.144040222298434
0.741457823075869
1.07951455798982
0.425240635730712
0.0432463403487337
1.5729888178762
0.342439632260358
0.339182926435119
-1.65557214787857
-1.66394776536954
1.02491012453478
1.44352408386574
-0.961416377011319
-0.401848141047524
0.841205648024707
-0.24963480377138
-1.05650345469132
NA
1.68322917763256
-0.304874964953494
-0.0398119277824688
-0.820078370546187
-0.930930156775688
0.496682090346031
-0.00629615762984426
2.05230749187884
1.82872735886162
-0.919454823829001
1.27820849917731
NA
-0.459710467863139
2.11091976934489
-1.12540604896996
0.720707323620694
NA
0.222782918527811
-1.68992908283149
-1.28120230191206
0.432679966202575
-1.0076877011905
0.47317683478811
0.128107486348395
0.411300968339956
0.107675832150641
0.120793267720112
-0.805798067363405
0.284244039113038
0.0988063995787025
1.96254240004531
1.80647501037373
0.887364479478224
0.679613490172844
NA
1.61540477588677
1.54300288181167
1.38445087875858
0.302122044895811
0.849078101367018
0.90431148855755
-1.57387786688677
0.338591236125254
-1.31295052377803
1.03816857605853
0.519554503790346
-1.26724414168516
-0.977138535117822
-0.75388783326074
1.20382639336176
-1.00076289215134
-0.302164046419769
-0.244228741308263
