0.938343402027441
0.575216709290215
0.312399596209975
0.49875813851604
0.482848801075309
0.46679415197635
0.080963581901634
0.405635552284147
0.880936415565598
0.739790486323382
0.0524634734725482
0.0741709332891803
0.925867098331196
0.0790690782397034
0.866067304373468
0.295764117726276
0.0166995729361104
0.0226231835746935
0.902214702618077
0.00751099950459666
1
1
1
0.938331451044551
0.510964194641987
0.179289614575057
0.000152449382603839
0.0474829365642489
0.918170399406377
0.369740516396107
0.310861602423851
0.0286388631786543
0.334230877305649
0.608236454379292
0.447800431311235
0.981282234758584
0.695710533818267
0.545613651632419
0.469499067893719
0.222400609569493
0.122271661913212
0.949770552538653
1
0.329271688890176
0.574295030251388
0.0828959301991557
0.229194606720862
0.137982787432704
0.0819741671649842
0.010007067209707
0.524197072596123
0.515961093596734
0.157000216714866
0.935349737789807
0.939708627570118
0.368957544441523
0.75937945769903
0.815256372096203
0.85879585552113
0.70464454606305
1
0.294306566852976
1
0.401034845212782
0.341176305457551
0.462908964073665
0.000811128193888772
0.290543525095282
0.526586396442142
0.0317820935792522
0.00536753709092548
0.881763534843914
0.486579320540593
0.509634323835218
0.792565608195424
0.987191011538487
0.691762531413043
0.688130385641277
0.453842994870865
0.0560089952859032
0.0406477570333449
0.935869186826637
0.00913440313127884
0.238217577670476
0.968807264726273
0.835046207263089
0.763798233604139
0.165509048998658
0.859105025243609
0.238337399727672
0.627412932188425
0.138773513956914
0.480552042723637
0.263383622165949
0.0890378961730221
0.77540864905112
0.197444222053168
0.900985220055785
0.569457618697641
0.0467593728287335
0.71650975116931
0.965572045486941
0.148943024981211
0.128020092886583
0.245694032232337
0.356335811291221
0.251827129421081
0.738649814709951
0.555074174948811
0.580537366984076
0.66669376796631
0.219986118373762
0.914840206079856
0.166633154978141
0.325404570343113
0.860994281790806
1
0.354962348359394
0.354962348359394
0.705525460739135
0.631457103418069
0.747535228742304
0.967637505862038
0.840591191611602
0.00481035623357584
0.885851345352568
0.48026373674392
0.804677291626383
0.698172093232242
0.666579032415142
0.749077000123646
0.560837232707634
0.472486899318838
0.184601496621424
0.430634461993121
0.170481057163046
0.737490457758374
0.670938523323263
0.24938795897245
0.314443054380455
1
0.279113032872802
0.884187842782134
0.780111777261794
0.829683025988361
0.241410704148825
0.649533147669235
0.396042459664332
0.291834307582997
0.916897968458766
0.923984237055633
0.307537103610529
0.00745029842721818
0.206176857693101
0.138132994764041
0.776938212419098
0.166559421720223
0.763405908825224
0.124576801441226
1
0.477100005067676
0.89211788190007
0.497298396896294
0.174575734726003
0.688370031766373
0.330785907310583
0.96768279921881
0.0487725694256791
0.0560694196947513
0.448867831426119
0.303723996666044
1
0.269159081586848
0.880835092176989
0.975076058311392
0.142381223734822
1
0.327260082488144
0.528787889133878
0.330207835435201
0.0412474102059258
0.702398558866116
0.695522019862669
0.928419985352655
0.100342337987142
0.110467285552687
0.765525119775881
0.697560096451344
0.677775372192616
0.642766112354154
0.102176906794304
0.00287669147753165
0.217986311061804
0.448771609891254
1
0.163955986679107
0.0215822581916888
0.818827908091745
0.732766797420535
0.0308065569430229
0.981584493721098
0.147570240666485
0.188085274241867
0.101575532440312
0.324116840635054
0.0937995936258066
0.724443808928897
0.956947848029718
0.892829024337524
0.589579668825142
0.81596456097273
0.407829785734935
0.837107184964269
