0.243375220514194
0.243268256450236
0.244773669344318
0.243386491588966
0.245736575467009
0.248498183883453
0.246778151533325
0.244518197411419
0.243233922369792
0.244248451563444
0.254785081391632
0.244209425763611
0.246742558353975
0.243508486935878
0.244892243953359
0.24318296624202
0.243988369151272
0.244319051255228
0.243863933924031
0.24384045891203
NA
NA
NA
0.243803161705414
0.243410072330521
0.245143117739828
0.246161543668638
0.246255881678769
0.251405634301513
0.246551119795906
0.243217538748927
0.243250547500862
0.243186080735045
0.244533123351803
0.244099315529633
0.246836823581527
0.24675321079015
0.24582747773221
0.244161251842836
0.243391425002171
0.244569702096123
0.243947642371663
NA
0.246053080323853
0.247837260829091
0.254292953882981
0.249612702221637
0.243664492424122
0.250762767404341
0.247378586050699
0.245389740649023
0.24521204913461
0.243537175684683
0.243536482943008
0.245129018733501
0.243403816539286
0.244226040307085
0.249358021716489
0.251755486795395
0.244571137827093
NA
0.245565352110135
NA
0.249740778591644
0.249608021721281
0.243379124522235
0.243513594444614
0.243237172743932
0.246787563766957
0.248191771191508
0.243636428800099
0.244177519572351
0.244038641302667
0.246680504971962
0.24383899601753
0.243435915247637
0.243185698746761
0.243183884959952
0.244982911636296
0.243863992491651
0.243799018321082
0.243358594735618
0.244370643790096
0.24376060968311
0.243182671424391
0.243220264591905
0.243216183002678
0.243480569825826
0.24661894027812
0.243181930294417
0.245486636552159
0.243465974796296
0.243294091293609
0.243179800766495
0.243917349743652
0.244387904564441
0.246314430072909
0.243179355216231
0.243225618223533
0.244266891321735
0.252313803881543
0.243224483045474
0.251455991064446
0.243200554768408
0.243826539026864
0.251817089689089
0.243548465553481
0.243180268463812
0.243240284512274
0.245835004276846
0.243522160444791
0.244632045962697
0.244186095884083
0.243917556695171
0.245889612148939
0.252694664936774
NA
0.24727519111049
0.24727519111049
0.245202596755476
0.24363499702507
0.243744501029282
0.243255898192708
0.243394268994842
0.249713693330267
0.244484012601782
0.247723980889412
0.244800919604495
0.243415658243659
0.243859236723899
0.243178041510051
0.249750192769224
0.244251743654047
0.243218235305112
0.243769900155444
0.245677651531891
0.247871126584297
0.243204950713564
0.246013635552473
0.243179039439065
NA
0.254793823758017
0.250614350478743
0.243270654229114
0.263101804452752
0.247512754741291
0.244251742523494
0.268064604201509
0.243228201543575
0.245132524818571
0.243681326318638
0.243198622797574
0.251784455614281
0.24335168627352
0.244785940309376
0.245049853650168
0.243210808940831
0.247130519969957
0.250727718006433
NA
0.243316157971387
0.247881490563345
0.246259103099641
0.247439257938767
0.257656814669499
0.245693107633565
0.247770032946745
0.243341860708127
0.243200542787204
0.243384413821024
0.243447390440501
NA
0.266291889489028
0.248240287811758
0.243324471053461
0.244387323936852
NA
0.243272460332362
0.257776504782902
0.243864911830831
0.252814320766971
0.258051544246959
0.243187997332301
0.244236407228564
0.243209985670142
0.243473643330498
0.243957825815979
0.244744790586572
0.24406912993465
0.245463124764959
0.2450486765305
0.246083460487262
0.243215105937582
0.243179565839182
NA
0.249490676513559
0.24779417799128
0.243705511430981
0.246244432674457
0.24479179007109
0.248189049643504
0.251786699331077
0.246037973641696
0.243276063845144
0.251893436297337
0.250285585454926
0.243247999868775
0.244711141800891
0.251903158925328
0.246127715484519
0.243198836770502
0.243771335881949
0.244529219041498
