0.478786679922554
0.479376249895457
0.480730886519562
0.479651209952309
0.479717975499218
0.479789134773294
0.484633240331628
0.480099702503804
0.478818149101681
0.478986276272928
0.48601903128059
0.484909465218626
0.478791795134174
0.484707682110492
0.478829646049864
0.480870472331909
0.489847253175904
0.48881198283727
0.478804110127327
0.49262624118768
NA
NA
NA
0.478786684368641
0.479602381743421
0.482236384286144
0.506944735433812
0.486343531957471
0.478795425091487
0.4803164025997
0.480743381797586
0.488017061544958
0.480561826505043
0.479278058136426
0.479878563459956
0.478776287921743
0.479067917796142
0.479474310504247
0.479776869451396
0.481630799917001
0.483363007195615
0.478782825645413
NA
0.480598918374538
0.479379155254296
0.484559232627733
0.481548180370629
0.483001001650508
0.484594299385432
0.491620032847468
0.479551683730327
0.479582969390033
0.482620435451614
0.47878782080051
0.478786177738252
0.480321459712315
0.478954715763864
0.47887966801881
0.478835779342288
0.479050143281247
NA
0.480883184964554
NA
0.480125907576822
0.480511102379154
0.479806953020987
0.500677114258847
0.480916383087509
0.479542770016848
0.487668741475371
0.493815129476899
0.478817550510896
0.479701993183708
0.479607603878036
0.478907536065326
0.478775728067358
0.479075977430717
0.479083504433719
0.479849472703238
0.48580740858762
0.486853089368845
0.478787618928736
0.491939068038856
0.481442924353188
0.478778159960093
0.478858181740346
0.47894798291415
0.482466830144686
0.478835511691438
0.48144155934365
0.479226049103934
0.482984021932271
0.4797279171059
0.481173396731676
0.48433588375076
0.478930957745426
0.481962410942824
0.478804844603596
0.479394555958915
0.486393666252777
0.47902751580625
0.478778798545329
0.482774917153802
0.483224807958796
0.481359322548518
0.480405098148421
0.481293038048291
0.478988201346457
0.479441886800673
0.479359657144295
0.479130161782168
0.481660896321875
0.478797108305638
0.482447216499111
0.480628363256177
0.478833889428735
NA
0.480414446335994
0.480414446335994
0.479048425202879
0.479215528749745
0.478973461422423
0.478778383569682
0.478852623926002
0.494205240352745
0.478814655185179
0.479729170574874
0.478892226015706
0.47906295650694
0.479130421968222
0.478970963222596
0.479422642367602
0.479763453144002
0.48215298167633
0.47996463296272
0.482381212720797
0.478990167918215
0.479120615194799
0.481319159428489
0.480714408712243
NA
0.481020689328173
0.478815820770713
0.478924332796566
0.478863748934694
0.481406831753105
0.479170349792238
0.480154843466757
0.480904933792256
0.478796060187654
0.478792649621265
0.48077066943775
0.492654822268259
0.481840973169463
0.482997767739973
0.478928786089543
0.482448498344417
0.478948575012874
0.483306734754484
NA
0.479743007104122
0.478810419761824
0.479657186244123
0.482312837424237
0.479083004479224
0.480587514109928
0.478778374757943
0.486256153929325
0.485803926964209
0.479873380143022
0.480802444552593
NA
0.481116027226527
0.47881822272554
0.478777102117168
0.482907912601161
NA
0.480614177303394
0.479534620803252
0.480591859592636
0.486804881815571
0.479054551634701
0.479068299764015
0.478790671189746
0.48396562831247
0.483670964608401
0.478945389812906
0.479064185427105
0.479105560778282
0.479186914724238
0.483909873642676
0.496049337876785
0.481686125392713
0.479873846607781
NA
0.48249418163036
0.488971772279456
0.47887559809152
0.478998284727299
0.487772831479029
0.478776254186745
0.482802184379204
0.482099786782413
0.483928028059783
0.480638271645328
0.484173986868074
0.479012997069311
0.478780809419384
0.478809954603349
0.479332149098353
0.478878854227108
0.480087357151056
0.478856092537823
