0.193281347449059
0.688118768141659
0.628338518973688
0.72831063820394
0.703969255129911
0.579639781674671
0.773690549595665
0.310836546624327
0.152992145992769
0.984458402808956
0.784438445869302
0.0801573713733384
0.0417835363427102
0.137032894626974
0.784751927641448
0.0971544943979155
0.00490335353151049
0.0136538574973696
0.169558369560276
0.0847613602178829
1
1
1
0.619482946806278
0.478565973480276
0.784220895828041
0.0214158945544468
0.0819199580515866
0.428615151689057
0.524157341619437
0.39560718577158
0.694442427858553
0.438792638722952
0.82782122368731
0.0846465908763246
0.0581223293179582
0.351978742680381
0.0170763962402086
0.215571249897864
0.577191948513128
0.679766097513289
0.408426538741281
1
0.538171866516508
0.831495769071126
0.173772824792763
0.647878904593537
0.252679897755792
0.277529119091661
0.783611240000165
0.413529499767437
0.513508552447727
0.676581955409729
0.538158680550113
0.545585474616675
0.833291978687863
0.628665753961497
0.476556970260706
0.614832405374746
0.759248902040885
1
0.632054310429827
1
0.358315903968545
0.312948029334198
0.713812625702034
0.00573165866001354
0.140701898055847
0.136469468448517
0.0889583239528017
0.00065618439003741
0.761473013007079
0.0481253583989015
0.198219746317319
0.327824932115791
0.905165069917767
0.939184945804273
0.60097246451555
0.958027423785475
0.0796097975883643
0.0188761381248781
0.397437730957045
0.0473317053045791
0.636340580913817
0.662289434315691
0.500616153391492
0.503207255713569
0.192243649258572
0.484698748203337
0.177759888494797
0.715823457635519
0.344944077967062
0.20424472985612
0.177399997406238
0.0160834567759579
0.670913755755692
0.171255376721014
0.607395080820979
0.525687581797815
0.254049140489976
0.375034821619732
0.562213395531241
0.12433073809674
0.0405867112895014
0.240141417448338
0.153456453738055
0.164437872848471
0.285060607659768
0.415420968701392
0.233009645491937
0.857334462306821
0.634992029099312
0.719625663682983
0.462787644054206
0.284939148421755
0.409453330943574
1
0.566357658102361
0.566357658102361
0.594289328254193
0.745318498420365
0.671183279948164
0.469485866697309
0.649129044059188
0.144555130548149
0.554690341532225
0.83247575615455
0.483606470061035
0.581290535942124
0.211451198842218
0.825767232774364
0.164671644463714
0.0706729105043632
0.135797183927438
0.719686031983616
0.124998469786969
0.99507963391701
0.910578952334592
0.337689681065491
0.0961741998927682
1
0.257036148358221
0.885573444342955
0.459044042668528
0.281297469252307
0.670991426224304
0.965536322524014
0.11686287723667
0.732279760441871
0.734728928316693
0.0989409207308929
0.0972536865335113
0.306299796369776
0.150002866080222
0.337181335181947
0.688105664034366
0.400958328387753
0.803054802217409
0.291658802946001
1
0.0934573792741498
0.760690326410457
0.968271745513354
0.412876537651675
0.352700312443563
0.619807191233975
0.994980958201053
0.0410794397847134
0.0685156346707302
0.358657698371431
0.20224594131044
1
0.646084652665995
0.0356752681300614
0.261391168303027
0.471697379343571
1
0.823868649578932
0.0921665651598817
0.20119415344712
0.665583962683822
0.31448384216366
0.636459682914694
0.898156868500394
0.681169895838322
0.914330789856151
0.903942354942481
0.421050487635218
0.776435732485296
0.921363451104844
0.0507001630840056
0.071929374675124
0.375652510979213
0.497316752119032
1
0.107361452511323
0.123971701655128
0.167334676906493
0.762785745903405
0.39657102497865
0.366616064654401
0.11665712714556
0.735174194335229
0.190286280676356
0.300096955584017
0.603789021294078
0.206132353600266
0.329353162661354
0.451556929264257
0.229684410104434
0.317814870373334
0.762753762741385
0.807234469438592
