0.799559857993511
0.86362817557747
0.47030626963308
0.794036908021533
0.360749002763009
0.187938808988559
0.278474741738285
0.508150698112742
0.892469419130137
0.554225852920736
0.0522778404161853
0.56153331767404
0.280857929122341
0.742387017571571
0.454281172275853
0.967988594472864
0.606804957895923
0.541452226754197
0.635857504246257
0.64169600934362
1
1
1
0.651236914344372
0.78297731112199
0.423063362065157
0.323746760217016
0.316229610023406
0.101868641190998
0.294131048825104
0.909515704980596
0.877625034097351
0.959107288802313
0.505800165385326
0.583197228175698
0.274601826531278
0.280141980974249
0.352368580430166
0.570813449792461
0.791669721539929
0.500117954609175
0.615986384100673
1
0.332685271817701
0.217773076263081
0.0574916301365308
0.147747231964198
0.690051566809868
0.116186360841022
0.241835211548964
0.395417104461374
0.415055616558128
0.731852666378489
0.732101394437865
0.424729732258906
0.785850177221041
0.558399950657596
0.155981217547361
0.0949021322255724
0.49989714991288
1
0.377302323178169
1
0.143793823959057
0.14789402506692
0.797628239854499
0.740475383234462
0.889405963661925
0.277848817916847
0.201125891133269
0.698671258109651
0.567646512300126
0.595866236676166
0.285075037444726
0.642063997381643
0.771531084707784
0.960089792874028
0.965132080280595
0.442601123350924
0.635843091826013
0.65231784946628
0.808022821182393
0.532456742167422
0.662550768323922
0.968961050068019
0.90645943332854
0.911075605348394
0.753136784540593
0.289338952907745
0.971552417115416
0.385272254796632
0.758974872408303
0.845547426370196
0.98086380332245
0.623015025444995
0.529507590807305
0.311679555863854
0.983463181483486
0.900735263279082
0.55083550566909
0.0848399982380381
0.90192054564452
0.100832183181278
0.931622527690733
0.645217784863531
0.0937304145127643
0.72783630827442
0.97847045836795
0.886552587836928
0.351686732598339
0.737305243899119
0.490679626155715
0.565990668326423
0.622966404417191
0.346793254719221
0.0786450460464165
1
0.247698726134615
0.247698726134615
0.416140253375923
0.699119084267127
0.66696231170396
0.873227054273398
0.790318385666433
0.144619782982768
0.513605917178897
0.223436079473973
0.46654430810595
0.780447101533816
0.637015862731979
0.999923448608532
0.143507992380951
0.553617683085081
0.908724801896844
0.660039422672576
0.366329060274759
0.216113619448027
0.925262310224812
0.336017665886612
0.985586758763759
1
0.0521899092827735
0.119800003932825
0.861845872646118
0.0112149017273003
0.234477300242472
0.55361789172301
0.00465951363571269
0.898090354387611
0.424314424543201
0.68501872652727
0.934615301538147
0.094349146021448
0.811660656552434
0.468606207162793
0.434273257679312
0.917553717896774
0.25619966648851
0.117028680255178
1
0.831704245980316
0.215608801066635
0.315977000566339
0.238473565075732
0.0303384421182744
0.364853841567426
0.221112793881565
0.816968920373017
0.931640679932498
0.795042832846103
0.766648222498452
1
0.0063604763414823
0.19896701505346
0.826791950761058
0.529606317240439
1
0.860519016084751
0.0296682536194058
0.635616958011407
0.0768014226497599
0.0281863540160888
0.954497882306092
0.55646170896693
0.918592353398743
0.755887690271492
0.613662505794389
0.474346854514502
0.58943037944999
0.387699288967282
0.434417613679719
0.330148793671309
0.912334980232942
0.982187021035102
1
0.151629004550518
0.219906301295101
0.677957009421922
0.317129542641467
0.467799245912231
0.201247811051478
0.0943064630898713
0.333956261855517
0.857910238965675
0.0923001753225029
0.128259360898067
0.879777452753627
0.47912658323349
0.092119755989025
0.326499869585744
0.93427706595213
0.659653429579646
0.506413203722005
