0.253623188405797
0.0144927536231884
0.0960144927536232
0.289855072463768
0.365942028985507
0.391304347826087
0.425724637681159
0.358695652173913
0.311594202898551
0.391304347826087
0.414855072463768
0.193840579710145
0.222826086956522
0.121376811594203
0.173913043478261
0.355072463768116
0.378623188405797
0.427536231884058
0.121376811594203
0.0144927536231884
0
0
0
0.0036231884057971
0.123188405797101
0.0289855072463768
0.0688405797101449
0.0036231884057971
0.0543478260869565
0.00362318840579712
0.278985507246377
0.00543478260869565
0.322463768115942
0.320652173913043
0.41304347826087
0.108695652173913
0.170289855072464
0.0978260869565217
0.27536231884058
0.0072463768115942
0.485507246376812
0.0742753623188406
0
0.141304347826087
0.159420289855073
0.0978260869565217
0.230072463768116
0.141304347826087
0.0471014492753623
0.268115942028986
0.121376811594203
0.0996376811594203
0.257246376811594
0.382246376811594
0.226449275362319
0.327898550724638
0.117753623188406
0.266304347826087
0.255434782608696
0.108695652173913
0
0.152173913043478
0
0.239130434782609
0.25
0.235507246376812
0.179347826086957
0.460144927536232
0.369565217391304
0.353260869565217
0.447463768115942
0.221014492753623
0.385869565217391
0.0688405797101449
0.0434782608695652
0.280797101449275
0.221014492753623
0.304347826086957
0.244565217391304
0.384057971014493
0.134057971014493
0.186594202898551
0.306159420289855
0.246376811594203
0.0978260869565217
0.369565217391304
0.344202898550725
0.481884057971014
0.0797101449275362
0.498188405797101
0.175724637681159
0.125
0.365942028985507
0.414855072463768
0.257246376811594
0.134057971014493
0.166666666666667
0.375
0.110507246376812
0.360507246376812
0.33695652173913
0.0760869565217391
0.438405797101449
0.326086956521739
0.398550724637681
0.00724637681159424
0.394927536231884
0.0471014492753623
0.5
0.244565217391304
0.204710144927536
0.431159420289855
0.481884057971014
0.221014492753623
0.192028985507246
0.0108695652173913
0
0.202898550724638
0.202898550724638
0.326086956521739
0.33695652173913
0.365942028985507
0.304347826086957
0.0434782608695652
0.173913043478261
0.300724637681159
0.449275362318841
0.13768115942029
0.134057971014493
0.0543478260869565
0.420289855072464
0.0434782608695652
0.242753623188406
0.253623188405797
0.231884057971015
0.449275362318841
0.25
0.0181159420289855
0.302536231884058
0.0905797101449275
0
0.13768115942029
0.0579710144927537
0.184782608695652
0.318840579710145
0.202898550724638
0.16304347826087
0.391304347826087
0.215579710144927
0.402173913043478
0.130434782608696
0.130434782608696
0.423913043478261
0.126811594202899
0.36231884057971
0.409420289855072
0.300724637681159
0.0471014492753623
0.117753623188406
0
0.036231884057971
0.0652173913043478
0.072463768115942
0.297101449275362
0.434782608695652
0.322463768115942
0.423913043478261
0.33695652173913
0.172101449275362
0.121376811594203
0.193840579710145
0
0.0942028985507246
0.192028985507246
0.329710144927536
0.121376811594203
0
0.422101449275362
0.204710144927536
0.478260869565217
0.306159420289855
0.0108695652173914
0.427536231884058
0.0579710144927537
0.465579710144927
0.253623188405797
0.204710144927536
0.190217391304348
0.405797101449275
0.467391304347826
0.246376811594203
0.0398550724637681
0.219202898550725
0.206521739130435
0
0.21195652173913
0.228260869565217
0.0217391304347826
0.0253623188405797
0.221014492753623
0.331521739130435
0.307971014492754
0.00724637681159424
0.036231884057971
0.11231884057971
0.0253623188405797
0.170289855072464
0.101449275362319
0.177536231884058
0.0072463768115942
0.22463768115942
0.0615942028985508
0.173913043478261
