-1.81759089789987
-1.87407897129726
-1.42197382071351
-0.481262148292975
0.46427868256
-0.608749043331162
0.365178135713254
-1.32517177563516
1.82563145795561
0.023346012578024
-0.352082344713473
-3.62513113764778
2.94034609189712
-3.51064603586527
0.453768419174956
2.10379018775019
3.30765418271437
3.13504964692103
-2.36061704176891
-9.06219199363807
NA
NA
NA
4.51497030204069
1.41047457075175
-0.91663443089638
4.40879557012906
16.0868121553169
1.58930410346547
-5.95641162956599
-1.0913025767332
-3.27337098991885
1.02975904580661
-0.278343370204047
2.04342947186155
-3.61992982671564
-1.54476181391968
-4.75256717336728
1.55492026616646
2.71040053059216
0.509553453993471
-1.85504950145483
NA
0.973719532209754
-0.333235320595982
-2.33654265987713
-0.745323692132722
-2.72644413158649
2.99090397999488
0.368417669286739
1.36927830931625
1.15954971603116
-0.55022819575629
-0.726857820056965
-0.799712342841008
-0.25635751527944
-0.831935705523833
0.948472986719496
-0.691686501185671
-0.566737904770832
NA
-0.703438135213581
NA
-1.19877905382976
1.30813811232342
-0.53026266054534
-4.18586065331901
-1.89670437218634
-1.8891311007828
1.9336249494942
4.05073896205849
0.413996326553011
2.67932421944678
-2.8210443747756
2.86577048900872
0.158757401438447
-0.110060633142471
0.764627449346584
-0.0702234431922779
2.45409111309933
-4.16334985800609
1.33162715580066
-3.17950102699394
0.731999135243074
0.878620068766321
0.831687855560169
-0.853607810061728
1.58613140551188
-1.5697285806923
1.64127449980198
-0.592464800962452
1.61627209626204
-1.55971641154448
-1.57375422579035
-3.18913602250286
-0.725403975136825
2.33649867191121
0.654412714603158
1.33241213095982
1.4827237697272
1.1271348639812
1.96237534979559
-1.8774074105751
-2.74906267183842
-1.44623952240831
-11.389535943644
-1.69885885872482
-2.79197239592899
1.00081622598711
-1.64025023723141
0.250185619165112
-0.559775334752715
0.417354932217123
1.02587551369245
1.5857167869909
4.35791390186817
NA
0.827450778007745
0.827450778007745
0.691280437343467
-0.438055841463349
0.57914152864846
-0.997178812507373
1.25252192604199
2.41656496839906
0.809494027621081
-0.2793260199849
-1.18280048497148
0.958996114207615
2.96529581231783
0.265558243565678
3.97632812996736
2.51547105256282
-2.12120437654019
-0.497006974878179
1.82914528580561
-0.00896372172511839
-0.470904901599113
-1.32418335470285
-3.23901364354636
NA
-1.90190159634674
-0.350553553438615
1.14004862976667
1.39540479996755
0.630223858703737
0.0744039268773964
2.10525876424292
0.484044807999766
0.449110284550166
-2.79808993726193
-2.79495981923299
1.26595556070991
3.05731082939069
-1.19296247142379
-0.47046699446228
1.16956444992741
-0.625704583376842
-2.17848893344617
NA
4.60257223780101
-0.959103841756928
-0.113895467128604
-1.0895111206738
-1.11925470724665
0.635570863941425
-0.00747951535509372
2.70455727713249
3.01934551944004
-1.6135848761217
2.11321086797296
NA
-0.938931267669943
2.87677079090141
-1.50038058910382
1.27375012403496
NA
0.24964485969018
-2.37128542822846
-1.53389547100206
0.546951547596102
-6.07058860643701
0.560625255332432
0.321182382646455
0.463666760025601
0.139963860500812
0.171195026507569
-1.23059534318386
0.425961216814457
0.113423003443021
2.50589754213232
5.40704244850186
1.36532736022762
0.967730602095584
NA
2.31762507184631
2.12497512155663
4.4413859843404
1.2881990958378
1.26546057435704
1.08171959743559
-1.97813253686126
2.19689358866844
-4.26399729641923
1.87589589148486
1.69049050208474
-1.99437152737291
-1.81734426148887
-1.33262631406451
7.20870776788262
-1.40887643493439
-0.694075275173262
-0.371611970045741
