0.249801438984349
0.245622214419172
0.245821441894208
0.245512101459723
0.245576617513153
0.246018831292071
0.245408747172724
0.247982831357184
0.25075918537268
0.245184835205475
0.245387356999614
0.253558133243745
0.256540510641357
0.251221888792585
0.245386750375293
0.252705826456093
0.267023463295624
0.261911501231692
0.250333698790642
0.253309119438188
NA
NA
NA
0.245854858081381
0.246550871534017
0.245387778556859
0.259718751160437
0.253461010169183
0.246890058435899
0.246288160663137
0.24714927265783
0.245603676704746
0.246816084770186
0.245312486616683
0.253315146724201
0.255012975254054
0.247543923922724
0.26081715842818
0.249366922441066
0.246029666423685
0.245647416806859
0.247044933691917
NA
0.246215249392525
0.245306969410639
0.250233051303678
0.245751382586792
0.248751246051148
0.248398021983752
0.245388962415528
0.247004725890128
0.246345928333856
0.245657241681786
0.246215316374327
0.246178061600077
0.245304318435237
0.245820227304607
0.246563413853489
0.245872834334612
0.245439321492143
NA
0.24580773393223
NA
0.247482468884087
0.247958464867999
0.245549737736036
0.266234667171971
0.251110303145403
0.251239322181712
0.253094607391875
0.277434380990895
0.24543447436931
0.255882683351216
0.249700228782788
0.247792705292868
0.245222413142556
0.245199636268284
0.245928196856782
0.245191337200987
0.253588777978713
0.260329879591992
0.24713407438354
0.255959808383755
0.245792148377479
0.245702847782514
0.246418721524499
0.246403834412213
0.249823092625502
0.246513113251856
0.250140398971433
0.245544379667184
0.247613941116833
0.249580701450822
0.250148662893331
0.261109372640709
0.245675031848327
0.250292828093077
0.245902205730318
0.246280029691089
0.248730675258561
0.247327313993927
0.246097992878472
0.251635847638777
0.256676471905456
0.248946235683801
0.250746554657044
0.250459935226203
0.248298742561217
0.246990008400237
0.249062784265873
0.245271711772382
0.245797025850747
0.245534370434178
0.24665174394633
0.248300317108373
0.247036783901336
NA
0.24607873541902
0.24607873541902
0.245955870569503
0.245470844412696
0.245674177152146
0.246608252698796
0.245747068484497
0.250996596533484
0.246133656371405
0.245305519339234
0.246519780384507
0.246011575891241
0.249443104777441
0.245315625812545
0.250454074081139
0.254123853436839
0.251260230133648
0.245534212799713
0.251612928791501
0.245183906489022
0.245218112517954
0.247688204784321
0.252750398893414
NA
0.248686271963076
0.24524013618891
0.246676491997797
0.248347926513411
0.245674785455023
0.2451888810747
0.251901921939087
0.245502196741001
0.245496169495229
0.252625853977876
0.252701343821937
0.248035924276849
0.250841562552141
0.247693489382984
0.245622253316362
0.247105127785087
0.245353005510045
0.248214470309464
NA
0.252876576027238
0.245436174332658
0.245188106556281
0.247009829773679
0.247536850107189
0.245853615804075
0.24518391067968
0.256619990776125
0.254263980569036
0.24747919685581
0.249619887613873
NA
0.245757609198981
0.25728253539401
0.248622666288894
0.246594112071935
NA
0.245318562794994
0.252937938349928
0.249640692224593
0.245692114609108
0.247940876463086
0.245791718752962
0.245228363072028
0.245643123598907
0.245215282913118
0.245223420072549
0.246946789022404
0.245403174011578
0.245210310411458
0.255641462889859
0.254044345917055
0.247321767574093
0.246437869055353
NA
0.252269117669812
0.251648227868061
0.25038797355648
0.245431637251306
0.247141257632411
0.247404209655046
0.251909518210304
0.245495080625608
0.249864312603458
0.248110192838878
0.245916726538943
0.249544109354852
0.247776242942179
0.246726959230659
0.249118616398444
0.247903113560408
0.245431706164767
0.245345756404155
