-0.075796366175787
0.189214691339682
0.428102972967822
-0.0810312677419667
-0.244432150994536
0.273850678919618
-0.296789795914234
0.184547098086892
0.0372529865712012
-0.153080805585398
-0.532302532668366
0.255252539869154
-0.334149074015684
0.165918520204911
-0.269728005844414
0.0109696344661332
-0.100665037798346
0.166209762055722
0.155548188771011
0.50045911322502
NA
NA
NA
0.845559237993387
-0.116188835782116
0.58492154557203
-0.179352331353914
-1.88567120901703
0.428346379926939
-1.99707179329357
0.0314602824571226
-0.261564569441282
-0.0146650024409816
0.175984244840267
0.132179270167944
-0.448893255163106
0.346967695986338
-0.400796609445091
0.145734323675788
-0.289381045280733
-0.17793097357459
0.241893264475504
NA
-0.306103255422584
-0.3751090263439
0.468145834500689
0.372652073016361
-0.207726734877276
-0.919499627440251
0.341352521137981
0.282020111309663
0.279920558190195
-0.0907767957686731
0.0840656156853647
-0.214770447652944
-0.0676113092806698
0.201383420312997
-0.409962581854044
0.502817232019716
0.276938633593616
NA
0.251088248953977
NA
0.385299378029195
-0.379981773445679
0.0754869815745955
-0.100804891295421
0.0394421726197809
-0.3032904053244
-0.247289256329903
0.0924643366305125
-0.13999132285768
-0.155742224302911
0.486570275430771
0.286663704505513
-0.0836833163103474
-0.0151961658987392
0.0136383683408212
0.202535028311751
0.142958338836117
0.145157548662157
0.0824577683318148
-0.214476394378297
0.148954133957044
-0.0166136183700685
0.0312494398762055
-0.030820371797617
-0.0772335268337834
0.523168412861443
0.00877204348043392
0.30610584445939
-0.101762680086136
-0.0396541530679242
0.00578587381422579
0.131898205866638
-0.239518663346097
0.367439772646016
-0.00579389799702668
-0.0530549497407549
0.165058105902967
-0.435905034225834
-0.0849272720859631
0.44239458437587
-0.0251600150838627
-0.123241636677601
2.79280204265069
-0.0921768165252734
-0.0156520305530563
0.0380476488809958
0.276692602385302
-0.101880711990063
-0.172902731113564
0.141512305751349
-0.151261944397966
-0.307381157051387
1.89114096238835
NA
0.372231190507401
0.372231190507401
0.231798259605249
-0.112303941877823
0.127796194383732
-0.0487361780917688
-0.160296125321409
0.536902662050004
0.198890857890678
0.347034910315406
-0.237987002662059
0.0937439343158886
-0.249812078772054
-2.37758382528597e-05
0.873098724216681
0.1810923161744
-0.0349770098970126
-0.122016887614659
0.219878774392292
-0.386322535749476
-0.0802148369973565
0.286305417072445
0.00681434036322059
NA
0.703022018255179
0.802701014020315
-0.0557273792961439
0.727800032773311
0.389274820112234
-0.219057980400797
0.825169322550286
0.0394039662864643
0.225806801729023
-0.143217275054347
-0.028657647856889
0.442995996355666
-0.108585794504793
0.195515405323825
0.191293984610654
-0.0309301232821744
-0.579218900252968
-0.695986776649313
NA
0.121041040717445
0.812926507208033
-0.598805363666651
-0.340322583028688
0.566070976937166
0.246567985188792
-0.314372789210099
0.0651001306860994
-0.0293331532746137
-0.0976213546787275
0.104567578900486
NA
1.24073545406015
-0.367077307176093
-0.062549990837617
0.2212352737869
NA
-0.0417354077498029
-0.64217756843794
0.12164381751455
-0.477277721562142
2.74115219735035
0.0142545881969607
-0.311277935279719
0.0240211128710435
-0.0856919744277462
-0.141420576299375
0.224487054873091
0.168190652037756
-0.209538470703593
-0.212120173599144
-0.309264996660821
0.0355563583228822
0.00668842318461227
NA
-0.400406594796677
-0.361917156780569
-0.299254030568477
-0.960068917081344
-0.224950302965226
0.324015109524334
-0.455020986043089
-1.2800616011404
-0.127010433509922
0.675637572467693
1.00196346601126
-0.0492474890753023
0.270653514527019
-0.624013940883533
-1.29157385328431
-0.0249972427094001
-0.222897841826281
0.216066136255368
