0.0253288823592523
0.60779051491968
-0.729429536969825
0.221638695070858
0.201547618301632
-0.187719527119139
0.527673575559295
0.257098023960211
0.0448281804598345
0.0933075721424927
0.589213807965894
-0.869444616337468
0.031472460331436
-1.00132724596546
0.0659929876285688
0.310510988459818
0.659451493897953
0.678180406229817
0.0496625795897767
-3.27531517063255
NA
NA
NA
-0.163434982218083
0.305952510791625
-1.05001843917904
1.73092575623245
4.26765824036988
-0.0484545911599383
-1.95085066079105
-0.312678583864782
-4.25437221961501
0.301978038334322
-0.157317590723231
0.213429551320509
-0.0103864484410874
-0.154182818206228
-0.278559105863604
0.212834055434641
-1.60659430150902
0.451771537449353
0.0330692905823113
NA
0.36568346617045
-0.205175557291341
-0.70338001694865
-0.459955735478715
0.83516886954385
1.11738328355138
-0.822127189340151
0.251117675186563
0.270544505428177
-0.439375901356081
0.0226055014018911
0.0236302146874827
-0.257283939479262
-0.123302445695209
-0.0735631281746585
-0.057807506998671
-0.165502931228431
NA
-0.360849069878526
NA
-0.258736680432161
0.291249014548711
0.251997963269261
-1.19047514875703
-0.325035022863688
-0.18931819907931
0.574265813385026
0.77553651767753
-0.0479973130584099
0.223027836670717
-0.335586695759202
-0.178784451150594
0.00498962915427015
0.136256462712057
0.139206585330548
0.235473645615475
0.637613272270332
-0.858074058752823
0.0299881513900857
-1.01139249890503
-0.426177305267444
0.0184930258915825
0.060284381857123
-0.0897580293203486
0.39772923057118
0.0929637323814028
0.338457142850626
-0.186024587370275
0.598586579594406
-0.204737246763905
-0.307942599107438
-0.528413768051138
0.113684260789258
0.513972764175023
0.0372188736068679
-0.279046751683666
0.606353954368062
0.107768308271105
0.0362726980299612
-0.416185958853289
-0.48224830079891
-0.335726489437022
-1.70878395590307
-0.328949559847707
-0.210508768796814
0.170172176502302
-0.177002649573881
0.140957814275218
0.340161971209843
0.0291030347177266
0.456819163062123
0.34519615437312
-0.214994093775664
NA
0.31929552486595
0.31929552486595
-0.115743600938169
0.152712651171147
0.103584832094228
-0.0134033779823906
0.129885820022793
1.11595635678903
-0.0471234426726213
0.2207807737976
-0.0974942533840002
-0.157939218806112
0.237608547601853
0.0903874027277958
0.390883419180223
0.236152641948113
-0.443526452867985
-0.255384991217703
0.384784916587613
0.114819155356603
0.41514719792093
-0.374337294189239
-0.469568855851151
NA
0.437257685673565
-0.08254152862132
0.100420689715904
-0.0657225027484323
-0.410176478613316
-0.186623504125924
0.269435568859997
0.34756813911136
-0.0326490908886417
0.0378950342785487
-0.4030190899974
0.78456462761881
0.633559608770129
0.431147402100777
0.0777338625771584
0.456087201385461
-0.17616784923302
-0.747992675624577
NA
-0.454405732618207
0.104065666583779
-0.467728506840552
0.423456455460766
-0.113579559846226
0.290289387126819
0.0113576382328162
0.619570678100832
0.742688263318868
-0.315308664608892
0.404216285944727
NA
-0.526757598204668
0.0476278183752612
0.00990241835487993
0.614419547881107
NA
-0.257063543941616
-0.207968642526087
-0.273811175606866
-0.610191229872019
-0.536105654959215
0.108432944084715
0.0528695710711133
0.435331408532068
-0.489376741837978
-0.10017829868432
-0.141586684972694
-0.145982169808221
-0.124959561595634
0.492728950651983
2.14366921059938
0.447029101293289
0.252999615968736
NA
0.47275810554693
0.745995272606184
0.171471806448579
-0.341024966394002
0.758791794839091
0.00651761705641007
-0.431622919171883
-1.99239238357518
-1.24198207212002
0.41547113348085
1.27347294775518
-0.129344002187672
0.023380350570875
0.0577835025017492
0.7540602540021
-0.0773023498869332
0.444484957270078
-0.0729170457308328
