NA
-1.42712016619164
-0.719381032831848
0.120592651223157
-0.875646051257476
-0.387995559202508
0.195304500153815
0.191390007150371
-0.158695649550014
0.275259492636188
-0.170018132942308
-0.100693909816369
-0.111022599759061
-2.2387459954283
0.401049768149903
0.125397659584598
0.206693669578392
-0.00499758435693742
0.11881899141623
-2.10016791559247
-0.121190995971217
-0.405809836183356
0.158911117568867
-0.429038262437507
0.182405916495201
0.61528522860462
1.64130560491675
0.0852134128586357
-0.306477774195717
-0.725988860596644
-0.130910869020058
-0.306665131129281
-0.131126877683149
-0.124028724460977
0.0166184960914677
-0.157707291555323
-0.0113089052731929
-0.309268227007034
0.219642062268058
0.00715738010063571
-0.0537268383295668
0.500662904443843
NA
0.105119443685889
-0.177689176811255
0.0973664354306436
-0.306852325056063
0.518328745747736
0.435624818956455
-1.1608784666643
-0.0222720724369516
-0.146586409897829
0.289733821489459
-0.137784364129284
-0.2678696426605
-0.48405880541037
-0.379705431858763
-0.0563473224832904
-0.0592954577466891
0.088429854406014
-0.115545916982356
0.188921075445601
0.0687378173065438
0.00835101558064366
0.158841700790035
-0.0998015660150067
-0.461779197430699
-0.36907798106952
-0.206955613672079
-0.143421645450265
NA
-0.637210217002082
-0.419158440831216
0.166455184720142
0.501692054477884
-0.016027623802195
-0.0898021294643594
0.0836423041673102
0.515949601591721
0.201801577464494
-0.733375798666472
0.186634812655072
-0.123092729003646
0.484170859741234
-0.00802343523251992
0.112265051983826
-0.370360561843306
0.231916246466661
-0.379215123430853
0.103310990510205
-0.110484956281297
1.19818086575626
NA
0.112810728801364
-0.351246448994317
NA
-1.80954453258971
-1.08656012992371
0.404852276385256
0.0630829785966576
-0.213317614611526
0.407469830354954
-1.69821740589521
0.25248845688084
-0.173462274983525
-0.0862736173568366
-0.207290238904442
-0.495971264644425
-0.241353803191089
-0.362656794776311
-0.303383817542834
-0.940189716730949
0.900014496591133
0.357230451951554
0.17094628254614
0.547676960929607
-0.517562828931933
-0.720576428441746
-0.750301975571649
0.161189294446086
-0.0970804478847533
NA
0.218303123873005
-0.0468635038891208
0.337152268903044
-0.267189826767864
0.0532513051814272
-0.124529228258893
-0.599312073156538
-0.384258803896854
0.349703375787779
0.295609097454245
-0.0943603502057145
-0.202765593506932
-0.339013945954484
-0.185747190927959
-0.125921548910718
0.349253378079013
0.0563477669638051
-0.0187219126536933
0.363633643553725
-0.138437851729647
-0.139096047749785
0.394458059714538
0.377218074686013
-0.0400038949547392
-0.276167137222249
0.107573506031837
-0.385425907560279
0.983505540398848
0.00389662720507378
0.106302276589005
-0.700653104707684
0.354093753598741
0.35434030927788
NA
0.0653546210632321
0.107879041260191
-0.635504203733771
0.0504092953175501
0.426751021777577
0.333613187381241
0.0502835085857924
-0.102006972412512
-0.168080468885885
-0.035668812639484
1.71395285017885
-1.63616606285362
0.368541231666998
0.250017806692282
-0.0867203716871883
-0.239317163310115
-0.205582533179353
0.0993368974924937
0.0813765099010872
NA
-0.0919046347626722
0.485962657675941
0.089885974022355
0.236210231851757
0.538239055792928
0.0417043021605892
0.318142946425641
-0.0832212873804874
-0.0222821693400146
0.212284766487507
-0.156454597835895
0.208765087743561
0.0077617919412738
0.0433336132401161
0.0346585722496178
0.160407604731339
3.15130988998874
-0.580570980053142
-0.581890060188826
-0.286450688794702
-0.580714650257725
-0.0239891850733898
0.90593113512989
-0.0239891850733898
0.0288298344119657
-0.687738441516135
6.13059604148702e-05
0.120547227009908
0.0215289499693263
0.392985142289181
-0.402621519302381
-0.37511133175527
-0.0207217209188579
0.552528202199966
0.112174186869154
-0.0290422394845216
0.641385354802295
-0.38151806971265
0.245104696152998
0.613345259891581
0.48697981178055
-0.599051170511871
-0.599051170511871
-1.04339995702072
-0.409096582504969
-0.0220642738978603
-0.274864407872537
-0.681979612528401
0.681979612528216
-0.146986928508539
-0.332031167204647
-0.0747156960846027
-0.329003170988592
0.10510487732523
0.146439797664706
1.96854075663683
-0.173684481153796
0.125095266043632
-0.432487844779676
-0.313562134213569
1.85532092730102
0.444512039945512
0.37989646963176
0.303577560356319
-0.421653305523733
0.070814699812801
1.81962720688199
-1.38730837130027
2.57609360296036
-0.118335393953352
0.315793351049777
NA
-0.140546764294651
-0.253998766390686
-0.909684742489503
-0.186925621257007
0.35477445831612
-0.353863101946072
NA
-0.312404869623407
0.108268352025689
0.219507774930676
-0.169063722234078
0.220891890270532
0.05221441500575
0.0132888434399208
0.0469530635233149
0.131005376412315
-0.422845022569899
-0.810151566125342
0.658080450635013
0.426445246142379
0.200754954128378
-0.388934010673534
0.20051826247823
-1.97925863739278
0.36950010208214
-0.152642189360303
-0.201365002014376
0.424527165916667
0.579639141406599
0.91978838915345
0.301509829141858
-0.296726593344399
0.359936726447094
NA
-0.184111742246566
-0.348733463150589
-0.0589437710436087
0.0311238953748321
0.161232582726285
-0.12261048100139
-0.965522960481962
-0.00242726736895893
1.15463810734983
0.0624499895426425
-0.663028472044117
0.111982623390625
-0.335188075889489
0.00414534366641384
0.437438124259629
0.00358491151006746
0.579961142917924
-0.523848980933687
-0.74706567633282
0.280309696447048
0.276687453670363
0.819814314015284
-0.170878418163909
0.195404337580861
-0.360696630021919
0.0207991606818041
-0.219434736141247
0.518717856743933
1.58843529602986
1.0874661264391
-0.205259668485084
-0.398630547799314
-0.179851710114839
-0.130216346891736
0.20371888583818
-0.4284740227634
0.291187075562457
0.439405609010391
-0.315081990553889
0.334540275947166
0.291187075562457
-0.253117649885958
NA
-0.807855968064732
-0.169470302255839
-0.111982623394056
-0.215866345253914
-0.909991567887118
-0.641897109643091
-0.65704073656927
-0.330864240183201
0.23232581957754
-0.311231297042049
-0.0277841590361341
-0.519147279791895
0.152333208604851
NA
-0.130033861814169
0.492446336558762
-0.199662112113821
0.391153160991983
0.354800154217788
-0.0165346808063411
-0.925621156796449
-0.281417989288926
0.251065649400128
0.0295530788842822
-0.485569906409342
0.221914909605236
0.147706220117755
0.448561783468655
-0.212255057541954
0.390872851206183
0.651212138198645
-0.269285965524753
-0.0585266016064878
-0.174739229233123
-0.234756640932198
-0.363717630574205
-0.177883624758968
0.058294262182061
-0.172970037519665
-0.26354280909703
-0.319611069345243
-0.249416790184582
0.17195954677509
-0.0447622160232015
-0.348085129281968
0.202924478221426
-0.212822524868955
0.10547156458643
0.360585201194546
0.166699394647884
0.254632616119611
0.0447360844164528
0.278928398933537
-0.995129401172511
0.0385464296703297
0.323422586770967
0.14468385595393
0.0328924279600002
-0.338747079940058
0.0399286147862155
0.144592191660364
0.034008759589625
-0.473615371438543
-0.265456274867333
0.147066988810028
-0.388910495553326
-0.275531027353658
0.0528120953434459
