NA
-9.69122468722124
1.9223737928971
0.906459843607625
1.181745267
1.16939905030225
-0.0369016754487035
-0.520782142771697
-1.5730029185985
3.11894396367352
0.968860754404309
-0.415411482930697
0.402922666755421
-7.60805672641186
0.427892477257615
0.799635457478962
0.46617293313178
1.98899481499674
0.910057403607443
1.27172030687844
0.00730938322534946
-0.49550101788571
-0.432778140063935
-4.69476919318467
-0.0645650573691618
-1.18329441857622
1.4196632148698
-0.467514998964027
-2.76646262456734
-1.61742895623306
-2.24510617176037
0.0200434038596633
2.20922274735931
1.04806850712546
0.549754731876867
-0.998892768976848
-0.447901292654123
0.553644064511171
4.22770430181765
1.0492347827072
2.59076572076803
0.243350096251541
NA
1.63786472995165
2.55027600585211
-4.56297062338706
-0.231779583059094
1.76466268482338
0.884949143555502
0.070759532788486
3.52406921219754
-2.67282960054
-0.0555945826374913
2.84886054256281
0.805912023799443
-1.20605081258168
1.08433539771681
1.28942882108887
-0.378665163779544
-0.380292144178608
-0.859599669727123
0.71064107101342
-0.664254323463799
0.813915535459108
-0.855491146062388
-1.314820434224
0.963687425964649
0.586910931976206
0.052804817690479
-0.97954192989407
NA
-1.67251807740394
0.731798404454787
-0.908413844148626
0.314973750965099
-4.07189324653588
-2.09077682802971
0.95437671532922
1.38394941066447
13.6777830127919
-3.04921487942329
-2.28511154012571
-1.17925783174734
2.59188430602053
-0.278977734740312
1.21548195713866
-0.63141809488414
-0.568174206730777
2.05165732774044
1.91105687551877
-0.54946706127846
1.04220689265438
NA
0.984474438368238
-1.37210498461755
NA
-5.98260589646759
-1.40400121313861
2.25104999046323
0.813613078743579
4.99916556572242
1.95147676281101
-6.62087149293939
1.0125171455459
0.869989154535894
-2.68592186929334
2.7910937739977
-5.44964156533501
-3.12424485717034
-0.329753635668677
-0.994973686053193
-1.93865293415202
2.51786289094733
-0.223520144201309
0.612117723727636
0.0542453150136168
-2.58891582023277
-0.551706081105813
1.15253989255257
-0.544488149491791
-0.969077228567171
NA
0.473563187510798
-0.95637409901069
0.750676265146929
-2.56999734548429
-0.283472037208696
-0.763134443582082
-2.35608088291461
-0.484918749515391
2.51759167689501
0.954230375167889
5.03608022746358
-1.36877642917791
-0.895301218172341
-0.301149167923572
2.28279846293358
0.2272824309686
-1.05458898957038
-0.830433248484034
0.658034358517773
-1.12200606517801
-0.639035400935739
0.97853126565299
0.803904630837167
-0.215873376352214
-1.25020675943652
-1.05038618738114
-0.760650957529144
2.09475773672528
-0.570865517710168
-0.964041223597761
-0.0569605689887647
0.550792380885277
0.556419913921134
NA
-1.25263698898713
-0.790866336001788
-1.61112748995845
0.180161261852046
2.11775046447349
2.07769345389525
-3.64997059823909
1.23154179833406
-0.13677282342865
-0.232071779116026
-0.507321340295252
-0.880165553692876
0.657059573725414
0.0400358696060703
-2.6551858359367
0.0426712242155949
-0.16097662189074
0.259445190748266
-0.782494428044496
NA
0.75027752984823
1.12481343222432
-1.29844401541823
1.75352387030797
0.894839214576223
-0.7237702830476
-0.976888210142541
0.771152287166652
1.9905963929669
1.1570977539231
0.636459977401449
-1.99035133408847
1.42151203197458
0.675271511290168
1.79168377756597
-1.38797669793441
5.60352311715837
-1.15459643488317
-0.489853188632214
-1.17128265312306
-3.23052918869518
0.668142545722731
0.267903321920272
0.668142545722731
-1.71686279162932
-0.638804564552583
3.53315424277173
0.648708229966871
-1.51987372690923
-0.511544011513784
0.0325402799588943
0.0139551083685205
0.040669225688827
-2.75438540907453
0.534264851131642
-0.739944326711703
1.25671464110636
1.25627812299118
2.40773717431105
-1.33925483679737
-0.910605334513136
-0.362948640454647
-0.362948640454647
3.49645650297059
-1.2936435361167
-1.41384394582493
1.67618265576711
-0.580527513539948
0.580527513539854
3.65653225794017
4.36689843283714
-0.76189814159946
2.5960818534097
-3.32171540261664
0.750642205483559
12.3846583906457
-2.6549742962217
-0.170949521138075
-0.328246965270214
-0.752735965310633
-3.2301731601267
3.23146029808854
-0.458026953942465
2.34772958867773
-2.59552564963736
-1.55108788027206
-1.72728492542751
-0.426909025584395
5.57652521791461
0.465913666239253
-1.95612971673124
NA
-1.29941066079306
4.1333351781664
-2.59939441730785
0.186752557497703
0.158528438128394
0.805026548011458
NA
-0.0838625016008727
-0.339547436962494
-1.83190709793558
1.98077155102509
-1.2023587721135
0.976537729708852
-3.15414018315372
-0.132241951204094
1.32667013220945
-0.49282012045634
0.842221597329228
5.31670765097813
0.199184906724103
0.260695191177776
-0.691649878238318
0.736928968789069
1.1186279095309
0.535456361526794
0.214456467820863
1.7000285474755
1.2644579387022
0.615231865579581
1.39436709455275
0.217144956913467
-0.299711641535531
0.277786107889799
NA
1.38203520230389
1.98742282418482
-1.72713905760236
-0.235730987149893
2.45473308611641
1.45509007300378
-3.82633802781885
-0.0847587562890002
2.19156234836942
-0.699124702786122
-0.999479917188504
2.16185638325477
3.02597248929985
-1.29066400201706
-2.37854612977162
0.197406399548273
-3.9241654222605
-2.84769353970165
-1.86736444533456
-1.62800821719367
2.08488574199606
-0.96176320209054
1.92375582373737
0.593943605825682
10.9922424995246
0.0411571115869549
0.531206344406083
-0.978207727321813
3.75799889032726
0.666118220784227
1.8835930115417
3.71328329283753
-0.986717218335057
1.10672400852842
0.171391778175821
-1.95798751246819
2.31735530938459
1.12490650433902
-1.74830059176364
2.46686910812076
2.31735530938459
-2.39873340524896
NA
1.04482999896041
0.843644142357054
-2.16185638325669
1.17466372270091
1.66427645735826
-0.0318419220471711
0.637975304325707
-0.210172556694111
0.170524116991441
1.15849854611444
0.657427063764388
-6.86773829837659
-0.900966303361522
NA
-0.0611358910680142
3.34294751033279
-0.546761142536972
1.49090881018721
-0.960976201371349
1.02893188423002
3.75362740362809
-3.97850479475967
0.453351700875933
1.61831517818842
-0.135873210144807
1.03944689202044
0.418577958334968
-1.33513807031821
2.29826933488916
0.415803163697404
5.04246031624331
1.73132145139867
-1.69806192557817
0.614998420209542
-2.29054566797733
-0.500345495445561
0.0517189136790535
-0.661107200755207
0.0485620300092293
0.732566181971006
0.991941064798255
2.16636832054846
-0.114284827855069
2.03894999540088
1.1534710653507
1.45332250218843
-2.49533822898665
-3.39330491934921
0.206127758768432
0.498210424100643
0.0123792483319782
2.37272809743324
2.95143108096307
2.88388415310968
-0.264002610810472
-0.0892131899650899
0.395315585221494
-1.11123816500414
-0.0634745763734728
0.0151583189885702
-1.0737500107195
0.5686336251309
-0.538703709377604
-2.79655488537253
4.2826008559507
0.764947047886103
-0.479425828132793
1.64916993937199
