0
0.0120481927710843
0.0582329317269076
0.321285140562249
0.0542168674698795
0.114457831325301
0.369477911646586
0.439759036144578
0.397590361445783
0.0843373493975904
0.307228915662651
0.343373493975904
0.0401606425702811
0.00401606425702816
0.122489959839357
0.369477911646586
0.244979919678715
0.279116465863454
0.331325301204819
0.00803212851405622
0.405622489959839
0.369477911646586
0.0281124497991968
0.0481927710843374
0.269076305220884
0.0441767068273092
0.0240963855421687
0.321285140562249
0.393574297188755
0.367469879518072
0.42570281124498
0.403614457831325
0.0421686746987952
0.170682730923695
0.182730923694779
0.234939759036145
0.335341365461847
0.27710843373494
0.0281124497991968
0.112449799196787
0.244979919678715
0.267068273092369
0
0.160642570281124
0.269076305220884
0.0240963855421686
0.156626506024096
0.433734939759036
0.0321285140562249
0.152610441767068
0.22289156626506
0.184738955823293
0.36144578313253
0.0120481927710843
0.405622489959839
0.00803212851405621
0.407630522088353
0.210843373493976
0.220883534136546
0.369477911646586
0.365461847389558
0.321285140562249
0.349397590361446
0.417670682730924
0.359437751004016
0.301204819277108
0.192771084337349
0.42570281124498
0.140562248995984
0.293172690763052
0
0.0321285140562249
0.495983935742972
0.178714859437751
0.0481927710843374
0.22289156626506
0.070281124497992
0.439759036144578
0.184738955823293
0.00401606425702816
0.421686746987952
0.365461847389558
0.443775100401606
0.140562248995984
0.275100401606426
0.275100401606426
0.112449799196787
0.289156626506024
0.196787148594378
0.409638554216867
0.267068273092369
0.00401606425702811
0
0.216867469879518
0.108433734939759
0
0.0120481927710844
0.0883534136546185
0.0441767068273092
0.220883534136546
0.0160642570281124
0.251004016064257
0.00803212851405621
0.224899598393574
0.1285140562249
0.108433734939759
0.0843373493975904
0.0120481927710844
0.0522088353413654
0.0522088353413655
0.273092369477912
0.0843373493975904
0.0803212851405622
0.373493975903614
0.112449799196787
0.21285140562249
0.0742971887550201
0.156626506024096
0.257028112449799
0.184738955823293
0.269076305220884
0
0.439759036144578
0.345381526104418
0.305220883534137
0.0682730923694779
0.150602409638554
0.152610441767068
0.132530120481928
0.192771084337349
0.0682730923694779
0.1285140562249
0.0321285140562249
0.14859437751004
0.253012048192771
0.29718875502008
0.164658634538153
0.347389558232932
0.327309236947791
0.0562248995983936
0.15863453815261
0.14859437751004
0.124497991967871
0.110441767068273
0.0923694779116466
0.140562248995984
0.106425702811245
0.41566265060241
0.124497991967871
0.14859437751004
0.257028112449799
0.323293172690763
0.210843373493976
0.359437751004016
0.455823293172691
0
0.224899598393574
0.36144578313253
0.0542168674698795
0.196787148594378
0.0441767068273092
0.365461847389558
0.114457831325301
0.204819277108434
0.375502008032129
0.293172690763052
0.0542168674698795
0.0602409638554217
0.240963855421687
0.224899598393574
0.305220883534137
0.200803212851406
0.228915662650602
0.311244979919679
0.497991967871486
0
0.257028112449799
0.144578313253012
0.220883534136546
0.112449799196787
0.0160642570281124
0.459839357429719
0.13855421686747
0.453815261044177
0.349397590361446
0.120481927710843
0.393574297188755
0.449799196787149
0.363453815261044
0.467871485943775
0.407630522088353
0.353413654618474
0.00803212851405621
0.355421686746988
0.359437751004016
0.124497991967871
0.144578313253012
0.0602409638554217
0.0401606425702812
0.0602409638554217
0.0522088353413655
0.369477911646586
0.072289156626506
0.136546184738956
0.295180722891566
0.172690763052209
0.317269076305221
0.345381526104418
0.455823293172691
0.0502008032128514
0.246987951807229
0.467871485943775
0.238955823293173
0.184738955823293
0.036144578313253
0.136546184738956
0.0843373493975904
0.00401606425702816
0.00401606425702816
0.0481927710843374
0.248995983935743
0.104417670682731
0.321285140562249
0.0642570281124498
0.0642570281124498
0.182730923694779
0.170682730923695
0.44578313253012
0.104417670682731
0.0240963855421687
0.0200803212851406
0.00401606425702811
0.210843373493976
0.263052208835341
0.385542168674699
0.433734939759036
0.00602409638554213
0.1285140562249
0.0562248995983936
0.14859437751004
0.160642570281124
0.0522088353413655
0.0100401606425703
0.0401606425702811
0.0120481927710843
0.156626506024096
0.0642570281124498
0
0.13855421686747
0.0401606425702811
0.00401606425702816
0.257028112449799
0.427710843373494
0.473895582329317
0
0.429718875502008
0.345381526104418
0.0341365461847389
0.184738955823293
0.0763052208835341
0.0763052208835341
0.132530120481928
0.28714859437751
0.349397590361446
0.345381526104418
0.0120481927710844
0.0281124497991968
0.353413654618474
0.417670682730924
0.377510040160643
0.411646586345382
0.0200803212851406
0.160642570281124
0.224899598393574
0.485943775100402
0.301204819277108
0.236947791164659
0.0682730923694779
0.204819277108434
0.317269076305221
0.321285140562249
0
0.401606425702811
0.162650602409639
0.100401606425703
0.319277108433735
0.120481927710843
0.433734939759036
0.0180722891566265
0.0120481927710843
0.0240963855421686
0.269076305220884
0.0481927710843374
0.00401606425702811
0.0401606425702811
0.431726907630522
0.0963855421686747
0.395582329317269
0.0481927710843374
0.3714859437751
0.29718875502008
0.0261044176706827
0.0461847389558233
0.0522088353413655
0.0883534136546185
0.299196787148594
0.00401606425702811
0.0441767068273092
0.413654618473896
0.331325301204819
0.0401606425702812
0.0481927710843374
0.467871485943775
0.0582329317269076
0.473895582329317
0.337349397590361
0.246987951807229
0.423694779116466
0.21285140562249
0.485943775100402
0.188755020080321
0.216867469879518
0.21285140562249
0.184738955823293
0
0.21285140562249
0.357429718875502
0.00401606425702816
0.455823293172691
0.00401606425702816
0.421686746987952
0.441767068273092
0.253012048192771
0.475903614457831
0.411646586345382
0.14859437751004
0.0401606425702812
0.15863453815261
0
0.44578313253012
0.0883534136546185
0.367469879518072
0.367469879518072
0.100401606425703
0.401606425702811
0.112449799196787
0.0602409638554217
0.48995983935743
0.192771084337349
0.072289156626506
0.172690763052209
0.429718875502008
0.0843373493975904
0.116465863453815
0.0803212851405622
0.0421686746987951
0.164658634538153
0.281124497991968
0.275100401606426
0.238955823293173
0.417670682730924
0.345381526104418
0.325301204819277
0.261044176706827
0.419678714859438
0.349397590361446
0.234939759036145
0.186746987951807
0.206827309236948
0.357429718875502
0.146586345381526
0.353413654618474
0.0883534136546185
0.116465863453815
0.447791164658635
0.487951807228916
0.379518072289157
0.152610441767068
0.122489959839357
0.329317269076305
0.467871485943775
0.259036144578313
0.176706827309237
0.345381526104418
0.244979919678715
0.210843373493976
0.0481927710843374
0.289156626506024
0.036144578313253
0.0923694779116466
0.170682730923695
0.3714859437751
0.0823293172690763
