NA
0.293545495839032
0.286143785691369
0.285925126790363
0.28518138201564
0.285671958201234
0.284471432819582
0.284997209213707
0.288978334654414
0.291092773211684
0.285952182670424
0.284786506126906
0.284528552187827
0.286353700694459
0.284624437302405
0.285605717562438
0.284735590751902
0.29110025066943
0.285695523860947
0.284570737727521
0.2844691554485
0.284850571202687
0.284520245527019
0.293538013039575
0.284476420987804
0.28485597594193
0.284766866457609
0.284759949574299
0.296289832788351
0.288066128907873
0.292928291931941
0.284469755000462
0.286018232387726
0.285116923034922
0.284852769005119
0.285405391136014
0.284808668994781
0.284961700414714
0.288536673570509
0.285386014946807
0.294380698393908
0.284535147956808
NA
0.287401669865949
0.294790331773479
0.288779604159479
0.284527166141275
0.290180525477851
0.284664147527599
0.284472852631223
0.296900720738002
0.287964547320909
0.284474368892624
0.285259770843116
0.28554513638595
0.284559127815467
0.28646946769167
0.286126489675332
0.284646561749933
0.284741991681458
0.285626566700364
0.285340925219847
0.285161137836119
0.285796110672746
0.285877740659295
0.286940580257729
0.285689027452168
0.284745472437522
0.284471253800931
0.285952978399206
NA
0.285142878481569
0.285420122567175
0.285051895155393
0.284507627213257
0.297005302676399
0.286863272054252
0.2862058152807
0.285968859330793
0.29127231253188
0.300726351708732
0.294480515369229
0.286989525300443
0.290264380538947
0.284573581422889
0.286332319060986
0.284759985733492
0.285014703829643
0.287029182090006
0.291512275818236
0.284926343601545
0.284548482554123
NA
0.285634063322069
0.285803383758352
NA
0.287599457323524
0.285942545725417
0.286255665285034
0.285283337076076
0.289508065802358
0.288797890865553
0.287078503547676
0.285656523485446
0.28513003835603
0.290020825916502
0.289867919814048
0.287255011744799
0.287807137559371
0.284506896128112
0.286007014345585
0.28730096317207
0.289087032241276
0.28455450933007
0.284729020918652
0.284472897024753
0.286920957804649
0.284814076039837
0.28626515467339
0.284824656128859
0.285846129583331
NA
0.284863230792495
0.285872137246136
0.285274152845496
0.287564187223312
0.284550350789607
0.285015109697666
0.288138435513712
0.284702594019728
0.287478962125568
0.285244291374295
0.296427779546549
0.286344977699544
0.285457281549695
0.284630783482433
0.288537386297151
0.284558904558476
0.286589780273135
0.284746820816013
0.284922011166779
0.285912810778975
0.284887594763458
0.285251670828408
0.28492661869833
0.284510832008544
0.285763621973088
0.286587461893239
0.284978511372842
0.288777889431415
0.284854995221092
0.286072559464395
0.284473197810796
0.284959937914127
0.285033954506267
NA
0.286677167900166
0.285832580209426
0.285398062129269
0.28451354119019
0.285541359930162
0.292753231365046
0.294487514948158
0.286378591090364
0.284503622134416
0.284564167184176
0.284573987540264
0.284845787418167
0.285131911825583
0.284471289499691
0.295252122405165
0.284471143936553
0.284500161873119
0.284574965779338
0.285879731661928
NA
0.285302379883479
0.285741872310429
0.286533891430587
0.286866107408118
0.284555871503713
0.284900251168339
0.285448521801221
0.285570291669734
0.291830235931345
0.285443807356046
0.285296969353663
0.292023013902827
0.288394160981848
0.285439950001819
0.29186822105977
0.288153269510366
0.286229154761275
0.286762179944825
0.284885183011491
0.285582157123312
0.29701043351862
0.284685825547878
0.284488361272205
0.284685825547878
0.285877448989476
0.285132165798707
0.287356759757721
0.284765105286761
0.287554773259439
0.284780820976047
0.284470707241595
0.284469343859442
0.284472544259548
0.287727468190696
0.284912203676471
0.285544598658689
0.287011302968156
0.286554047575388
0.28680397036385
0.286169588125594
0.285016857465689
0.284477621119916
0.284477621119916
0.28960466658658
0.286910619626816
0.285682986729421
0.289414130682187
0.284631336969201
0.284631336969201
0.301031014615841
0.304904410056796
0.284825086182066
0.289787883773358
0.287224736635651
0.284546529876581
0.289203571243252
0.292340550556434
0.28451468774715
0.284674420462838
0.285518667545577
0.285002391048745
0.292983478374733
0.284543351239536
0.28941787414455
0.291318873300276
0.285376134355641
0.284727276985272
0.284494849253195
0.286806978447003
0.284652647201327
0.286260254534254
NA
0.286228843468633
0.290236833035279
0.284686078498292
0.284515401145054
0.284512737426305
0.285669969011871
NA
0.284481307794922
0.284669289564031
0.285325273021596
0.288508234725983
0.28541828896063
0.285074869861283
0.292710043231142
0.2844976221881
0.287696059702499
0.28489612593125
0.284557600088196
0.291796993016379
0.284539996386522
0.284595213403013
0.28534951121033
0.28548041754378
0.284674364525073
0.284794162559537
0.28453524357029
0.289447837541365
0.287036750895377
0.285088154202323
0.285326940132961
0.284532814991492
0.284628982949978
0.284613589713819
NA
0.288010774912883
0.288285362541869
0.287413041497154
0.28456210091411
0.288469620747746
0.288558885184493
0.286327452615739
0.28446968391971
0.286070365864877
0.285213059216948
0.284962741398374
0.284621152904761
0.287192842215312
0.287656138839891
0.288684565280159
0.284550404530757
0.289901873767068
0.296176767086677
0.28886430021982
0.285159740676142
0.286453764107601
0.28486948628678
0.286494925611538
0.285068741566225
0.288230024446619
0.284469670163903
0.285006111445321
0.286122067406067
0.288387930901658
0.284621433518185
0.291503268212417
0.287971123362514
0.286291257085464
0.286448491912396
0.284513726975742
0.290434066734964
0.291702814389073
0.286574553367263
0.288451623602371
0.29261987312692
0.291702814389073
0.29141807245346
NA
0.28564354268442
0.285639562594025
0.28462115290476
0.286795369174128
0.284563937545573
0.284470981081874
0.285242616162289
0.284525677745427
0.284524346523055
0.286941907055765
0.285029487896372
0.300168413064453
0.285308061195747
NA
0.284475374469355
0.291781614100814
0.285060133729965
0.288183151899816
0.2852393407044
0.286624680098596
0.295411925116076
0.293776135100477
0.284855635458834
0.288385078834789
0.284479138571429
0.285603860853001
0.284828538549722
0.285576127397761
0.287960925623931
0.284569683917986
0.292275184290299
0.287743477998892
0.288582373965749
0.285059493427946
0.29277679606538
0.285008455249584
0.284473803149001
0.285296732763329
0.284472729741185
0.285478452392958
0.286286577146298
0.29108047454908
0.284487695669922
0.289188829083615
0.286861868089877
0.286009721737952
0.295682044672029
0.29239885459731
0.284493274013606
0.284985763899828
0.284469321084838
0.295286618702678
0.293257869231431
0.292106238019877
0.284594374132062
0.284484510286209
0.284719772420315
0.285949001958278
0.284476544674556
0.284469408495359
0.286225917343327
0.284623180712344
0.284954819180418
0.28667138375324
0.295506936123996
0.285172464249336
0.284877737867264
0.285993602109922
