NA
-1.87110610408935
0.803737870501609
0.74943432218958
0.524184086739735
0.681173769882327
-0.0303643856525335
-0.451362862828403
-1.31884729168828
1.59842277691101
0.756364992239111
-0.349934921700235
0.15150745735501
-0.852622169192635
0.244826549900503
0.662153204142479
0.320647761247088
1.59932474350011
0.687813658527431
0.198057149121572
0.00659933014858854
-0.383622358397852
-0.140536122574546
-1.87033465745899
-0.0533485688729074
-0.386330002284964
0.338937882201072
-0.334978888243471
-2.1353230220367
-1.17791990182886
-1.80636804238843
0.016577540976337
0.773023412857375
0.499905343408707
0.384725703326628
-0.600978739206426
-0.361943749846828
0.435926269062993
1.25259623699104
0.59472810180234
1.95530015197344
0.159683059257412
NA
1.06357657916641
1.99529585836104
-1.28945816246686
-0.149732672783672
1.48427635379158
0.274330762464936
0.0383360975564646
2.189803808079
-1.16116858332881
-0.0453268150679479
0.552273199434372
0.644266278212145
-0.186409150628431
0.87841851249334
0.799576772213957
-0.261675463846121
-0.32447496304019
-0.668198288351094
0.579921688991404
-0.516681932248555
0.715462600622145
-0.737138838513299
-0.976391405576666
0.685989639166146
0.326537325788374
0.029205196304876
-0.756567866086934
NA
-0.509820638164268
0.605687843499483
-0.474154308221213
0.121996600574032
-2.19899541888706
-0.960999621906815
0.818487071201143
0.760605448808817
1.61994093567025
-2.50417490652626
-1.96512107545671
-0.986011981711356
1.49513260325784
-0.200807186009986
0.84777183156714
-0.334999706218
-0.458777276253697
0.993738569334031
1.64826244407075
-0.419992399093227
0.175049138551587
NA
0.670358565280968
-0.717420492004578
NA
-1.098857229264
-0.753903685055629
0.830150351166492
0.56044253230094
1.39416285788354
1.2921904035404
-1.00326516384865
0.676789560896427
0.504939890471581
-1.46337820627377
1.44308547182568
-1.03664124104833
-1.13472252024145
-0.120835304744872
-0.770219507000768
-1.04515539222584
1.33464820540193
-0.181567878220054
0.316671471936021
0.0385587886594309
-0.972507715249494
-0.364813547268943
0.832352043321522
-0.370364625796664
-0.728821243173053
NA
0.38993495145664
-0.73567131005669
0.557273022218227
-1.09264933126755
-0.177095541432741
-0.458947865974631
-1.18969993894403
-0.300145361915893
1.07750122660958
0.546840771430295
2.14774632414966
-0.850646732774323
-0.617406678686197
-0.249775771407451
1.25270597157604
0.186178019824545
-0.904448428513456
-0.32733275402734
0.417998176870837
-0.746258117833196
-0.401804829596539
0.549437246663611
0.420118706681493
-0.12696199577636
-0.706650512283507
-0.903953924076603
-0.443301434326956
1.28920166572361
-0.385840095925352
-0.786460836130578
-0.0400350052506285
0.435145799743009
0.466799855881922
NA
-0.922894779879386
-0.725226887091588
-0.598622122206453
0.131012802271547
0.643134786976719
1.78757931901414
-1.96580791828825
0.858233927737265
-0.115491563850921
-0.191552068015374
-0.201196860341637
-0.381209753811653
0.505654963192891
0.0294399980757411
-2.03944377939687
0.0284704368465293
-0.109560865382456
0.202132408011321
-0.737659577179071
NA
0.566957817983042
0.700689305267176
-0.892451171650089
0.961568482944419
0.183009077088668
-0.407834580531731
-0.614664242174486
0.65175311515407
1.68505639625291
0.613183202021546
0.5651143043543
-1.70697827529599
1.2304577611146
0.611968750397535
1.68939840443524
-1.19210227155367
0.823968304172408
-0.94049256353198
-0.400645531511864
-0.655254878195612
-2.19944537542146
0.289169806151777
0.0863236143616034
0.289169806151777
-0.737062522559414
-0.505751822766178
1.05540138048645
0.337934247868951
-1.09098640502089
-0.34678744230173
0.0253400966834073
0.010780837104465
0.0367519921342772
-1.12109969579264
0.41344825154119
-0.644105287219943
0.990262528016251
0.896796450729945
0.949023697184417
-0.809905719267187
-0.45968174420199
-0.0575238543098245
-0.0575238543098245
1.40746284416293
-0.970455324195052
-0.684289201934963
1.381107059918
-0.250202779910895
0.250202779910855
2.52753018535109
2.8075762063254
-0.370588504152853
1.43234897055913
-1.03099326821172
0.172884352650617
1.35138378537633
-1.74248600176805
-0.132689912807132
-0.281460337046129
-0.636293388627052
-0.453571615571044
1.81225065476293
-0.169301244904423
1.3816297143245
-1.62547482477411
-0.59151525668779
-0.315607569611167
-0.0997715359174178
0.949634813151264
0.266122856231614
-0.831215859677676
NA
-0.823895437621653
1.49157489599029
-0.289338463969662
0.13372281100631
0.129824190689005
0.680610328782518
NA
-0.0687825989357358
-0.277922277493478
-0.574692684265552
1.24820979295389
-0.60510370285667
0.483409024448034
-1.78291361789591
-0.104995032045038
1.1156833819881
-0.405879079899756
0.184821765349092
1.68124726038593
0.165435341771806
0.220607290341062
-0.582770124833281
0.624592024524169
0.28142200445889
0.354129561589228
0.159798498640918
1.38580603802067
0.995206431299666
0.488680285239384
0.575251885805646
0.156840015392876
-0.248381603621621
0.236126715591038
NA
1.16882151524472
1.21328469316628
-1.06563666000405
-0.189460226644411
1.24222913030409
1.25601153030917
-0.846664016253093
-0.015728860756936
0.785922715672147
-0.535712353695763
-0.43638658106242
0.24222542578038
1.02500954269871
-1.10876094470057
-1.2751640047843
0.177154057917605
-1.44761619704804
-2.12508631656354
-1.30206449772146
-0.51616014571428
0.874963872483474
-0.393016771683116
0.883990330284603
0.480957828407325
1.20445602618568
0.015559275930052
0.455150821037467
-0.798509376021677
1.22948086131777
0.242448751743437
1.64720812372027
1.16226031477328
-0.838378401060422
0.873800976902299
0.131286012064566
-1.51686325726204
1.67040865054021
0.901195607408252
-1.23943181234928
1.7731327857477
1.67040865054021
-1.63720256897398
NA
0.67308027546407
0.67193885638466
-0.242225425780591
0.947274121897811
0.191320717190401
-0.0273449856253618
0.546249625980065
-0.147803105588819
0.146055704728213
0.976653448995182
0.464950761887027
-2.46082905920737
-0.568887164567122
NA
-0.0494206314021593
1.67948214613937
-0.477493615824532
1.19692701806829
-0.545091936787691
0.911860068133757
2.05450024014973
-1.89473005174623
0.38615998880801
1.22903338750154
-0.0624044602826329
0.661612183822281
0.372380870497431
-0.653477715122636
1.16056688330461
0.197028299877889
1.73523597731197
1.12385050248113
-1.25961312878689
0.477234922262871
-1.79011993335331
-0.456142894011273
0.0428520392203388
-0.565033554381345
0.0377127869901908
0.623984923131792
0.837301117828076
1.59693814557999
-0.0848234947497692
1.34927820642187
0.960717817869711
0.770897142800229
-2.07970281292884
-1.74892736868661
0.096678570941096
0.446445585833393
0.0103654067256393
2.04270338069217
1.84122039619643
1.7163556352733
-0.219872341662683
-0.0772420547388013
0.310987814189864
-0.755553514448883
-0.0537938582757568
0.0118810059443302
-0.823210182761123
0.243834653271848
-0.432871147621956
-0.92168523365186
2.06340000961102
0.520892626826823
-0.397045393767062
0.766853715008158
