NA
-1.32914242418997
-1.35095416563446
0.452620527628098
-1.63787959209948
-1.02762412968407
0.753014338585294
0.762380212438183
-0.614170959325924
0.642550370170609
-0.606559580015891
-0.392425545907785
-0.185619208893476
-1.20802809040154
1.03787463239861
0.481461336664755
0.678199615109684
-0.0184098923175427
0.426720592002414
-1.57504438022998
-0.505891804990687
-1.45858972281752
0.219681623829767
-0.770451917748589
0.805791880427577
0.917918262873144
1.83830427952235
0.284169410325239
-1.07925402653632
-2.4639833241931
-0.485999346892153
-1.17649987429576
-0.208707358050966
-0.281313861999646
0.053325466380736
-0.457058641927695
-0.0418798376213138
-1.17534878909513
0.293345170971311
0.0188515308783386
-0.183926014542344
1.5103088330949
NA
0.312364572928574
-0.629465999076174
0.123641079794359
-0.897831385962662
1.9707923320142
0.627783440378871
-2.96921201963512
-0.0650561076260341
-0.29860557451823
1.09204202559447
-0.128946908541811
-1.00619468482319
-0.359508390898364
-1.40731674750978
-0.163668929836284
-0.18779383565741
0.345108634097723
-0.407610223666529
0.715217798248934
0.24853895709235
0.0343999183604131
0.642894797087942
-0.348656835973905
-1.4915160087065
-0.920594069899779
-0.543735261977732
-0.521835954143605
NA
-0.93424521944242
-1.5926490982151
0.426706608036854
0.900529041809559
-0.0514983447907794
-0.19062280077879
0.336870252574241
1.39613957133014
0.116138483645773
-2.75695554004755
0.741154650858688
-0.472080002614702
1.29205006335133
-0.026832332132158
0.365727838938118
-0.905326751315881
0.852713391738385
-0.84923112165407
0.408542197497984
-0.396774905590534
0.742682411502779
NA
0.347895188260289
-0.866690047257886
NA
-1.58104995404727
-2.59383999135889
0.686825084232355
0.19742273171613
-0.235592862096515
1.25658008098008
-1.21452756584071
0.76715053137394
-0.511168565724647
-0.208380553110758
-0.489428822276161
-0.455977043241247
-0.420666138500911
-0.643854702623249
-1.05898469304392
-2.22487112351289
2.08387243792877
1.33028283765002
0.380551134753756
1.75386170307673
-0.873686236589828
-2.13322517366981
-2.47952147109252
0.490570588378262
-0.327574689737785
NA
0.828230565033969
-0.164991045926479
1.16732664363743
-0.54527743999291
0.157272858679767
-0.351134960642352
-1.41366358608702
-1.08958219395023
0.724867829942048
0.77812052320192
-0.397173345472029
-0.593214959813025
-1.11509654051031
-0.707188970558204
-0.338167718392864
1.3062045967301
0.221703086160555
-0.03596744256055
1.06888937119032
-0.411716526766015
-0.397315384643743
1.02953063688721
0.913378995189038
-0.11217623198755
-0.706707115856725
0.42834318783145
-1.05123726018171
2.76824024630929
0.0123255757039453
0.390665166755689
-2.27881698160183
1.2695236666727
1.38149108658708
NA
0.226118856421927
0.464039872191537
-1.13119657392555
0.168140799068458
0.559542904457186
1.31898979645506
0.123635141685354
-0.323109069689672
-0.644468179981611
-0.137060951268827
3.30129006253277
-3.42760183668992
1.26744173956026
0.857742335232156
-0.313019274739839
-0.879923120404176
-0.652824392913512
0.36233416468569
0.349729081218348
NA
-0.333342991388787
1.41300791319824
0.286058426299954
0.596102238284517
0.526392371934864
0.107671159068296
0.943532099002076
-0.322795266677124
-0.0866030845554243
0.541202843483171
-0.630158910840591
0.80552826839157
0.0306669643207009
0.181839117329929
0.152534991158258
0.636906865307851
2.04682421676251
-2.19283178156334
-2.21469376628895
-0.767776548138841
-1.70815530643238
-0.0484899878151921
1.39299953862669
-0.0484899878151921
0.0580536758153616
-2.51757444691427
9.61214500659695e-05
0.29453037088075
0.0741560308894808
1.22331507546911
-1.49328706369799
-1.37908459667709
-0.0946860355820998
0.993930672498467
0.390464504084328
-0.116256225554046
2.37483662976457
-1.23818018853542
0.444490565718934
1.7189834478478
1.11419231705219
-0.32923669276699
-0.32923669276699
-1.84391349650396
-1.38608234026033
-0.0479060407639897
-1.05446094572344
-1.35090630373769
1.35090630373733
-0.467303565663689
-0.988295823211408
-0.167436242087114
-0.817567253167977
0.148349379945372
0.161056915946637
1.03146660184906
-0.51910753992087
0.442658638035372
-1.71085145596381
-1.22369678161795
1.28607728165562
1.17814266753034
0.649659029088852
0.847475657279424
-1.24890730953983
0.118435028472466
1.63258196841245
-1.52301716681272
2.07655099429804
-0.333932050193217
0.653589685269094
NA
-0.445861481950316
-0.427323192919942
-0.487865976178432
-0.664025651392166
1.30874628103423
-1.36224054214644
NA
-1.15410685764698
0.394915204284202
0.331007904842033
-0.520873880507843
0.49690493508428
0.115476241632291
0.0374057281890481
0.178003501090042
0.53718581241055
-1.59207793778805
-0.730082729432499
0.872089198575143
1.6237217672842
0.77838906776511
-1.49479382414913
0.778197082649807
-2.50565933458668
1.08406103604941
-0.515866050372562
-0.805587237637593
1.57875555680097
2.59290462636595
1.68057005047141
1.00554813000969
-1.11807792984965
1.37525100475731
NA
-0.711502754844176
-0.991994064286847
-0.173173675885629
0.121676617744362
0.427636253985679
-0.494496808740703
-1.03557184928815
-0.00217326278996131
1.62398903639515
0.219724765614872
-1.23484678051609
0.0604441112136017
-0.544978501213741
0.0162574047620233
1.08482905467061
0.0148709499457546
1.03443498442732
-1.81180417637046
-2.39857635123093
0.373560564128486
0.474129387702144
1.55423391228442
-0.359577391199108
0.749502452401568
-0.190145859485424
0.03439635408487
-0.845825515599083
1.95521290976368
2.48384551432364
1.89093545127226
-0.818115275991325
-0.606905652083742
-0.7029936936626
-0.465022632054454
0.718085530632076
-1.5407243812351
0.981661962312987
1.60818183862027
-1.05058557727271
1.12221056364276
0.981661962312987
-0.803639768687249
NA
-2.43027749415237
-0.608723882736223
-0.0604441112154509
-0.800173781768348
-0.502119307218487
-2.59009931695277
-2.64190816051252
-1.09151615938055
0.909178541382834
-1.211918215474
-0.135045719213247
-0.832486184372622
0.448253595922626
NA
-0.477155703316533
1.13607170439798
-0.998268433916913
1.42772756570804
0.879924141432243
-0.0745430767826635
-2.30967370214497
-0.598137280269211
1.10921744983275
0.117522282129714
-1.41920346391928
0.638577859018286
0.674435005134868
1.07369447476855
-0.502449439002504
0.898359047259614
1.06318614332084
-0.797533306621561
-0.198333814855364
-0.633785761573541
-0.855483666359386
-1.53053524003224
-0.672558546430695
0.229995165057911
-0.627597257611899
-1.04673584950522
-1.21274558424474
-0.84448720002374
0.583598572852167
-0.136436284781544
-1.3251977849168
0.507418054663308
-0.817397706292147
0.264110266683969
0.810005510899343
0.676693813383438
0.986686543702671
0.175561867080537
0.797113563922802
-2.71022519086481
0.146285809214891
1.29984832937546
0.515689066132476
0.100724984287921
-1.30301461374237
0.143357073190783
0.508186399384143
0.0663424239988502
-1.7640542577354
-0.37901635271448
0.314340183399965
-1.20400571624592
-1.04269191882182
0.108510413500294
