1
0.0623921672303199
0.422242570857416
0.454236072131463
0.600572735683027
0.496334729464783
0.97579847275666
0.65208378043188
0.188317363038132
0.111097226236604
0.450077846819367
0.726655389833993
0.879686512668935
0.394610821474096
0.80677332013448
0.508427544299002
0.748720860500417
0.110896697730454
0.492149857343827
0.843146678298957
0.99473931932225
0.701554779302196
0.888339295998284
0.0624995593931537
0.957492916490419
0.699551019378042
0.734915187795125
0.737896381416816
0.0336182645075239
0.23984687371794
0.0719540123741177
0.986785662474038
0.440172443696081
0.617541491131054
0.700738009019364
0.548349166236781
0.71767202742845
0.66323222192577
0.211416818073964
0.552514240870624
0.0515603504919935
0.873247966607351
1
0.288453582065607
0.0469971360544619
0.198322301481601
0.881085284372064
0.13888089520952
0.784036405776061
0.9694475250066
0.0293786113249702
0.246580262210025
0.963879710526553
0.581209754374232
0.519939782623084
0.852261353053263
0.380483482740806
0.424646149914252
0.793767541556526
0.745825149350045
0.504567461246392
0.56244225035332
0.605793465847819
0.474930249747641
0.461666362413765
0.329728653265498
0.493297568966919
0.744266231084114
0.976722120274573
0.449956455290692
1
0.610586027481142
0.54522161573008
0.635766127541097
0.902990810765961
0.0287109226912854
0.337396553457626
0.41378779241264
0.447544412478267
0.106391096590967
0.0128530812795313
0.0504066511676151
0.324993952737977
0.136026467829178
0.840997778232841
0.397302302954028
0.737880694690902
0.646756495004006
0.321223735240287
0.100440797886309
0.674818957270662
0.861169835361364
1
0.503191795887789
0.473723621208018
1
0.272791443273959
0.451552079426279
0.407173864803331
0.57563391750674
0.164393819299235
0.197376004011905
0.316614896556148
0.499108356288679
0.614005451924781
0.144505952023092
0.15013448610012
0.300813752045723
0.25747968964683
0.903909725866618
0.441830843919746
0.296868972295835
0.183095469426931
0.856055614586489
0.751733151203987
0.969270136302963
0.331652648142775
0.715530981406919
0.405932495535268
0.711395925729308
0.466731228714205
1
0.696886482788512
0.462557741879164
0.577794194315533
0.275504058201188
0.859563706700947
0.646634138235322
0.235190471453597
0.764293039074056
0.282200679164228
0.584931573227695
0.0326077578153815
0.395705661936461
0.537477402589595
0.802947234800369
0.211376925836397
0.852442420338803
0.366549316383032
0.743665256291202
0.676274652956035
0.456148966390359
0.688139756203606
0.58315130856013
0.674726799324167
0.89906326032565
0.480381992828832
0.366811013544017
0.657896263326829
0.198411308791009
0.699913413455589
0.432274734981152
0.968094267834968
0.663797906748037
0.641012682057631
1
0.356871050501164
0.468929509788163
0.549917651141896
0.895860970875089
0.520672543323844
0.0749449905741103
0.0503267855301421
0.391510697802751
0.908139792830317
0.848234446847578
0.840693379634825
0.703341959104335
0.613503945580136
0.976535026545531
0.042361537939937
0.977307596392346
0.912837554467272
0.839962663633085
0.461350296797837
1
0.571205311859056
0.484089350035184
0.372931409624959
0.337111122703391
0.854925746559449
0.683712451271728
0.539284709001693
0.51510477084324
0.0931120956528009
0.540262007836359
0.57245674002465
0.0889548541141235
0.219577194931376
0.541064056160588
0.0922764601258968
0.23424883176604
0.410671606236615
0.34779034269411
0.688992202005729
0.512851412165826
0.0286785774211101
0.77266931178375
0.931271984947811
0.77266931178375
0.46171269307595
0.613436028436318
0.292168111830506
0.735670564652028
0.276233825700548
0.729016226715079
0.979802069589669
0.991406119905429
0.970709416727184
0.263223459208458
0.679600451413014
0.520044008743244
0.32291631414124
0.370611932826648
0.343441803325497
0.41869461763822
0.646107868116776
0.954169679217508
0.954169679217508
0.160419473430937
0.332672351473183
0.49436881686697
0.168367287389692
0.802617349144833
0.802617349144864
0.0120473650980371
0.00534886650086823
0.711229334414345
0.15317966368775
0.303449860042393
0.862869505896068
0.177683159592852
0.082541324479649
0.894535658597231
0.778569016472204
0.525114442778721
0.650494899306249
0.0710380203828887
0.865684163812674
0.168206839666307
0.105206857348604
0.554661157499773
0.752539772011125
0.920598399640953
0.343131647719114
0.790344008239819
0.406572820363643
1
0.410712940132453
0.136956833452903
0.772540391822242
0.893719572803908
0.896800431130876
0.496690721485317
1
0.945212655442469
0.781280856120876
0.565968987988751
0.213015923391276
0.545609088427121
0.629190005064625
0.0757033401894296
0.916456289985854
0.265531651086058
0.685147076207165
0.853505063904706
0.0938501963317645
0.868722888714924
0.82556191760662
0.560525603039142
0.532756706829392
0.7785983830458
0.723513162954709
0.873157113792939
0.166928908922362
0.32051074618065
0.625457536198151
0.565591321504362
0.875486019327226
0.80402454541609
0.813510112902736
1
0.243487730626809
0.226062087617876
0.287522623679099
0.849871885163364
0.21521033121562
0.210177807185907
0.397918594297898
0.98746210741134
0.432589415367203
0.592590357966237
0.662898677861717
0.808786037890159
0.306259466740587
0.268502036660856
0.203327427589467
0.859517788327778
0.148863457534383
0.0344710403348628
0.193983865971903
0.606157334417674
0.3823570880057
0.694611583616138
0.377473611540745
0.630928903079504
0.229448956795535
0.987597276972528
0.649359865106939
0.425264004186886
0.219942451976722
0.808613180881083
0.100657425702842
0.246137411749736
0.402546326652735
0.382989055431884
0.89564505077302
0.130449877641525
0.095976244225088
0.368272892600119
0.216242318304394
0.0773135281152351
0.095976244225088
0.102731919588799
1
0.501461449694528
0.502186728877717
0.808786037889996
0.344330748859462
0.848415509928533
0.978204409950073
0.585337244865249
0.882606469008388
0.883984417707979
0.329599098239495
0.642334652880866
0.0144763349611887
0.569897021419944
1
0.960619961285406
0.0941938206132548
0.63338994897785
0.232365801266537
0.58613208570926
0.362641031492966
0.0408722043321818
0.0591770830877961
0.699676774145769
0.220109906088847
0.950286075262296
0.50877376984786
0.709896107582869
0.51399435772152
0.246824575898645
0.843950931871
0.0838192950705574
0.262056534472304
0.208876941171845
0.633573894284437
0.0745346765864974
0.648647243202729
0.96585057774534
0.572511585259437
0.969944042582281
0.533154748683711
0.403150391742688
0.111427921508365
0.932463433251775
0.178357444989604
0.337538008803393
0.44142971972188
0.0384790909554305
0.0814192619188046
0.923052076834544
0.655626755593391
0.99173726561636
0.0420352524309844
0.0666662757037197
0.0872230691371153
0.826133701650602
0.938487154842813
0.756045482199347
0.450563588948679
0.957138460633352
0.990529166363316
0.411101775729287
0.807540686544375
0.665447674813368
0.357500661961852
0.0400130267404265
0.602860737351181
0.691641954420443
0.443826319375931
