0
0.010752688172043
0.0591397849462365
0.329749103942652
0.0645161290322581
0.116487455197133
0.3584229390681
0.435483870967742
0.39426523297491
0.089605734767025
0.306451612903226
0.338709677419355
0.043010752688172
0.00358422939068104
0.129032258064516
0.353046594982079
0.229390681003584
0.288530465949821
0.306451612903226
0.00716845878136201
0.408602150537634
0.372759856630824
0.032258064516129
0.0519713261648745
0.265232974910394
0.043010752688172
0.0232974910394265
0.32258064516129
0.397849462365591
0.35663082437276
0.437275985663082
0.408602150537634
0.0448028673835125
0.166666666666667
0.184587813620072
0.220430107526882
0.338709677419355
0.272401433691756
0.028673835125448
0.10752688172043
0.25089605734767
0.272401433691756
0
0.164874551971326
0.272401433691756
0.025089605734767
0.168458781362007
0.437275985663082
0.032258064516129
0.146953405017921
0.209677419354839
0.186379928315412
0.351254480286738
0.010752688172043
0.397849462365591
0.00716845878136196
0.399641577060932
0.216845878136201
0.229390681003584
0.369175627240143
0.3584229390681
0.32258064516129
0.340501792114695
0.440860215053763
0.374551971326165
0.297491039426523
0.200716845878136
0.422939068100358
0.125448028673835
0.293906810035842
0
0.028673835125448
0.489247311827957
0.163082437275986
0.046594982078853
0.216845878136201
0.0734767025089606
0.439068100358423
0.172043010752688
0.00358422939068104
0.422939068100358
0.376344086021505
0.442652329749104
0.136200716845878
0.263440860215054
0.274193548387097
0.118279569892473
0.308243727598566
0.195340501792115
0.408602150537634
0.259856630824373
0.00716845878136201
0
0.222222222222222
0.100358422939068
0
0.010752688172043
0.0967741935483871
0.043010752688172
0.225806451612903
0.021505376344086
0.243727598566308
0.00716845878136196
0.229390681003584
0.125448028673835
0.121863799283154
0.089605734767025
0.010752688172043
0.046594982078853
0.046594982078853
0.283154121863799
0.0931899641577061
0.0896057347670251
0.363799283154122
0.121863799283154
0.220430107526882
0.0734767025089606
0.168458781362007
0.254480286738351
0.186379928315412
0.268817204301075
0
0.449820788530466
0.329749103942652
0.28673835125448
0.0645161290322581
0.1415770609319
0.14336917562724
0.132616487455197
0.193548387096774
0.0609318996415771
0.125448028673835
0.032258064516129
0.14336917562724
0.243727598566308
0.311827956989247
0.150537634408602
0.360215053763441
0.335125448028674
0.0501792114695341
0.159498207885305
0.161290322580645
0.132616487455197
0.112903225806452
0.0967741935483871
0.132616487455197
0.109318996415771
0.410394265232975
0.121863799283154
0.150537634408602
0.25089605734767
0.345878136200717
0.198924731182796
0.360215053763441
0.474910394265233
0
0.218637992831541
0.365591397849462
0.0519713261648745
0.204301075268817
0.0483870967741935
0.362007168458781
0.112903225806452
0.200716845878136
0.378136200716846
0.288530465949821
0.0483870967741935
0.053763440860215
0.265232974910394
0.21505376344086
0.28673835125448
0.182795698924731
0.232974910394265
0.302867383512545
0.487455197132616
0
0.229390681003584
0.146953405017921
0.218637992831541
0.111111111111111
0.014336917562724
0.46594982078853
0.130824372759857
0.448028673835125
0.340501792114695
0.111111111111111
0.390681003584229
0.446236559139785
0.367383512544803
0.46415770609319
0.396057347670251
0.340501792114695
0.00896057347670254
0.345878136200717
0.349462365591398
0.111111111111111
0.168458781362007
0.057347670250896
0.03584229390681
0.057347670250896
0.0501792114695341
0.360215053763441
0.0645161290322581
0.132616487455197
0.277777777777778
0.172043010752688
0.297491039426523
0.32258064516129
0.439068100358423
0.0555555555555556
0.263440860215054
0.456989247311828
0.24910394265233
0.193548387096774
0.039426523297491
0.132616487455197
0.0860215053763441
0.00716845878136196
0.00716845878136196
0.053763440860215
0.261648745519713
0.103942652329749
0.311827956989247
0.0645161290322581
0.0645161290322581
0.188172043010753
0.170250896057348
0.451612903225806
0.111111111111111
0.025089605734767
0.017921146953405
0.003584229390681
0.209677419354839
0.270609318996416
0.397849462365591
0.440860215053763
0.0053763440860215
0.121863799283154
0.0627240143369175
0.145161290322581
0.157706093189964
0.0537634408602151
0.00896057347670254
0.03584229390681
0.010752688172043
0.150537634408602
0.057347670250896
0
0.134408602150538
0.039426523297491
0.00358422939068104
0.243727598566308
0.435483870967742
0.469534050179211
0
0.437275985663082
0.362007168458781
0.0304659498207885
0.17921146953405
0.0788530465949821
0.078853046594982
0.125448028673835
0.281362007168459
0.347670250896057
0.351254480286738
0.014336917562724
0.032258064516129
0.3584229390681
0.440860215053763
0.397849462365591
0.42831541218638
0.017921146953405
0.175627240143369
0.229390681003584
0.473118279569892
0.301075268817204
0.236559139784946
0.0716845878136201
0.207885304659498
0.329749103942652
0.333333333333333
0
0.405017921146953
0.164874551971326
0.10752688172043
0.299283154121864
0.10752688172043
0.424731182795699
0.0161290322580645
0.010752688172043
0.03584229390681
0.268817204301075
0.0573476702508961
0.003584229390681
0.03584229390681
0.439068100358423
0.0931899641577061
0.385304659498208
0.043010752688172
0.3584229390681
0.288530465949821
0.0304659498207885
0.0555555555555556
0.0537634408602151
0.089605734767025
0.277777777777778
0.003584229390681
0.0501792114695341
0.426523297491039
0.32078853046595
0.0394265232974911
0.046594982078853
0.456989247311828
0.0555555555555556
0.476702508960573
0.340501792114695
0.245519713261649
0.413978494623656
0.207885304659498
0.487455197132617
0.186379928315412
0.211469534050179
0.207885304659498
0.182795698924731
0
0.21505376344086
0.372759856630824
0.00358422939068104
0.446236559139785
0.00358422939068104
0.405017921146953
0.422939068100358
0.243727598566308
0.474910394265233
0.399641577060932
0.146953405017921
0.043010752688172
0.155913978494624
0
0.446236559139785
0.0896057347670251
0.344086021505376
0.374551971326165
0.111111111111111
0.401433691756272
0.114695340501792
0.0645161290322581
0.487455197132616
0.204301075268817
0.0645161290322581
0.168458781362007
0.419354838709677
0.078853046594982
0.111111111111111
0.0716845878136201
0.0412186379928315
0.168458781362007
0.283154121863799
0.267025089605735
0.234767025089606
0.433691756272401
0.340501792114695
0.32258064516129
0.258064516129032
0.396057347670251
0.362007168458781
0.238351254480287
0.188172043010753
0.202508960573477
0.3584229390681
0.1415770609319
0.3584229390681
0.0788530465949821
0.111111111111111
0.431899641577061
0.46415770609319
0.396057347670251
0.150537634408602
0.123655913978495
0.347670250896057
0.473118279569892
0.267025089605735
0.17921146953405
0.3584229390681
0.247311827956989
0.216845878136201
0.0501792114695341
0.279569892473118
0.0394265232974911
0.0967741935483871
0.173835125448029
0.360215053763441
0.0842293906810036
