0
0.0108695652173913
0.0597826086956522
0.326086956521739
0.0615942028985508
0.117753623188406
0.358695652173913
0.436594202898551
0.391304347826087
0.0869565217391305
0.306159420289855
0.338768115942029
0.0398550724637681
0.00362318840579712
0.126811594202899
0.356884057971014
0.228260869565217
0.28804347826087
0.306159420289855
0.0072463768115942
0.409420289855073
0.369565217391304
0.0326086956521739
0.052536231884058
0.264492753623188
0.0434782608695652
0.0217391304347826
0.326086956521739
0.394927536231884
0.356884057971014
0.438405797101449
0.405797101449275
0.0452898550724638
0.164855072463768
0.182971014492754
0.222826086956522
0.338768115942029
0.271739130434783
0.0289855072463768
0.108695652173913
0.246376811594203
0.271739130434783
0
0.166666666666667
0.268115942028985
0.0253623188405797
0.170289855072464
0.438405797101449
0.0326086956521739
0.148550724637681
0.21195652173913
0.184782608695652
0.355072463768116
0.0108695652173913
0.402173913043478
0.00724637681159424
0.403985507246377
0.21195652173913
0.228260869565217
0.369565217391304
0.358695652173913
0.322463768115942
0.344202898550725
0.434782608695652
0.367753623188406
0.293478260869565
0.202898550724638
0.425724637681159
0.126811594202899
0.289855072463768
0
0.0289855072463768
0.490942028985507
0.164855072463768
0.0471014492753623
0.217391304347826
0.0742753623188406
0.436594202898551
0.173913043478261
0.00362318840579712
0.423913043478261
0.373188405797101
0.443840579710145
0.13768115942029
0.26268115942029
0.277173913043478
0.115942028985507
0.300724637681159
0.197463768115942
0.41304347826087
0.26268115942029
0.0072463768115942
0
0.22463768115942
0.101449275362319
0
0.0108695652173914
0.0978260869565217
0.0434782608695652
0.228260869565217
0.0217391304347826
0.242753623188406
0.00724637681159424
0.228260869565217
0.123188405797101
0.123188405797101
0.0905797101449275
0.0108695652173914
0.0471014492753623
0.0471014492753623
0.282608695652174
0.0905797101449275
0.0869565217391304
0.364130434782609
0.123188405797101
0.219202898550725
0.0742753623188406
0.166666666666667
0.253623188405797
0.188405797101449
0.271739130434783
0
0.443840579710145
0.333333333333333
0.289855072463768
0.0652173913043478
0.143115942028986
0.144927536231884
0.134057971014493
0.195652173913043
0.0615942028985507
0.126811594202899
0.0326086956521739
0.13768115942029
0.246376811594203
0.311594202898551
0.152173913043478
0.356884057971015
0.335144927536232
0.0507246376811594
0.157608695652174
0.16304347826087
0.134057971014493
0.114130434782609
0.0978260869565217
0.134057971014493
0.110507246376812
0.414855072463768
0.123188405797101
0.148550724637681
0.25
0.346014492753623
0.201086956521739
0.360507246376812
0.472826086956522
0
0.221014492753623
0.365942028985507
0.052536231884058
0.199275362318841
0.0471014492753623
0.36231884057971
0.114130434782609
0.202898550724638
0.375
0.291666666666667
0.0489130434782609
0.0543478260869565
0.260869565217391
0.213768115942029
0.289855072463768
0.181159420289855
0.231884057971015
0.306159420289855
0.489130434782609
0
0.231884057971015
0.148550724637681
0.221014492753623
0.108695652173913
0.0144927536231884
0.467391304347826
0.132246376811594
0.449275362318841
0.340579710144928
0.11231884057971
0.38768115942029
0.443840579710145
0.360507246376812
0.46195652173913
0.40036231884058
0.344202898550725
0.00905797101449279
0.342391304347826
0.346014492753623
0.11231884057971
0.166666666666667
0.0579710144927537
0.0362318840579711
0.0579710144927537
0.0507246376811594
0.364130434782609
0.0652173913043478
0.130434782608696
0.280797101449275
0.173913043478261
0.300724637681159
0.326086956521739
0.440217391304348
0.0561594202898551
0.266304347826087
0.454710144927536
0.248188405797101
0.195652173913043
0.0398550724637681
0.134057971014493
0.0869565217391305
0.00724637681159424
0.00724637681159424
0.0543478260869565
0.257246376811594
0.101449275362319
0.311594202898551
0.0652173913043478
0.0652173913043478
0.190217391304348
0.172101449275362
0.451086956521739
0.11231884057971
0.0253623188405797
0.0181159420289855
0.0036231884057971
0.208333333333333
0.269927536231884
0.398550724637681
0.438405797101449
0.00543478260869568
0.119565217391304
0.0615942028985508
0.143115942028986
0.155797101449275
0.0543478260869565
0.00905797101449279
0.036231884057971
0.0108695652173913
0.152173913043478
0.0579710144927537
0
0.135869565217391
0.036231884057971
0.00362318840579712
0.246376811594203
0.432971014492754
0.47463768115942
0
0.434782608695652
0.358695652173913
0.0307971014492754
0.181159420289855
0.0797101449275362
0.0797101449275363
0.126811594202899
0.280797101449275
0.34963768115942
0.347826086956522
0.0108695652173914
0.0326086956521739
0.355072463768116
0.434782608695652
0.394927536231884
0.425724637681159
0.0181159420289855
0.170289855072464
0.231884057971014
0.47463768115942
0.297101449275362
0.235507246376812
0.072463768115942
0.210144927536232
0.333333333333333
0.333333333333333
0
0.405797101449275
0.16304347826087
0.101449275362319
0.298913043478261
0.108695652173913
0.422101449275362
0.0163043478260869
0.0108695652173913
0.0326086956521739
0.264492753623188
0.0543478260869565
0.0036231884057971
0.036231884057971
0.436594202898551
0.0942028985507246
0.382246376811594
0.0434782608695652
0.360507246376812
0.291666666666667
0.0271739130434783
0.052536231884058
0.0543478260869565
0.0905797101449275
0.280797101449275
0.0036231884057971
0.0507246376811594
0.427536231884058
0.320652173913043
0.0362318840579711
0.0434782608695652
0.46195652173913
0.0561594202898551
0.47463768115942
0.33695652173913
0.244565217391304
0.411231884057971
0.206521739130435
0.485507246376812
0.184782608695652
0.210144927536232
0.206521739130435
0.181159420289855
0
0.213768115942029
0.369565217391304
0.00362318840579712
0.443840579710145
0.00362318840579712
0.405797101449275
0.423913043478261
0.246376811594203
0.476449275362319
0.403985507246377
0.144927536231884
0.0434782608695652
0.153985507246377
0
0.443840579710145
0.0905797101449275
0.347826086956522
0.375
0.108695652173913
0.405797101449275
0.108695652173913
0.0652173913043478
0.489130434782609
0.202898550724638
0.0652173913043478
0.170289855072464
0.423913043478261
0.0797101449275363
0.11231884057971
0.072463768115942
0.0416666666666666
0.170289855072464
0.278985507246377
0.269927536231884
0.233695652173913
0.431159420289855
0.344202898550725
0.322463768115942
0.257246376811594
0.396739130434783
0.358695652173913
0.23731884057971
0.182971014492754
0.204710144927536
0.36231884057971
0.143115942028985
0.355072463768116
0.0797101449275362
0.11231884057971
0.432971014492754
0.469202898550725
0.393115942028986
0.144927536231884
0.121376811594203
0.344202898550725
0.47463768115942
0.266304347826087
0.181159420289855
0.355072463768116
0.25
0.219202898550725
0.0507246376811594
0.282608695652174
0.0326086956521739
0.0978260869565217
0.175724637681159
0.364130434782609
0.0851449275362319
