1
0.185027388595608
0.177946338235939
0.651219304939159
0.102720071307958
0.305131944862684
0.452158400648577
0.446560524294856
0.539667632701958
0.521111865693779
0.544700315902358
0.695082232964184
0.852895727213785
0.228191808401537
0.300343375841199
0.630614919771242
0.498279993240045
0.985326723183825
0.669954539793884
0.116526143121244
0.613383792842306
0.145948485926666
0.826300559028869
0.441768157479643
0.4211379274633
0.359557098244337
0.0672183287881428
0.776518633120824
0.281527266592945
0.0144223560061733
0.62739849990125
0.240527768721419
0.834848704743077
0.77870520140845
0.957515693287533
0.648030613598271
0.966628323054262
0.240986926878631
0.769504644949528
0.984974764408289
0.854222400998903
0.132242836784376
1
0.755027014440788
0.529625805572975
0.901700017337483
0.370149769874984
0.0498642444495439
0.530725779164542
0.00327949239969017
0.948181949087893
0.765492070876649
0.275878650999696
0.897504594166584
0.315306614231489
0.719521965965777
0.160590617825668
0.870125618704296
0.851192449660902
0.730306402032407
0.683912918463144
0.475149967409206
0.803923952894135
0.972586031376706
0.520888710096639
0.727643958510339
0.13710210051823
0.358160631944948
0.587114090155182
0.602252181912674
1
0.351089825332583
0.112517825082386
0.669964712728218
0.368715948305748
0.958970043388711
0.848977707292954
0.736500763083552
0.163925974787986
0.907637157904688
0.00626972123515477
0.459303721064618
0.637286473970896
0.19754736176888
0.978615131082546
0.714881189455827
0.366174537936977
0.394644350817587
0.396575026161202
0.683229621754439
0.69187605606037
0.458379707812397
1
0.728215194223155
0.386952993476502
1
0.115146273099237
0.0100579087290346
0.492837267798508
0.843659108314489
0.813943831988961
0.210092809105014
0.225706166848422
0.443724680914791
0.609689640915255
0.835103568361786
0.624972492476805
0.648807123909419
0.674364654388399
0.52026704480153
0.290641250262847
0.0269937866758477
0.0381998737086923
0.184652039074317
0.703863414181386
0.0806944536331743
0.38313778003432
0.0338922217198133
0.0138238294414472
0.62416571275069
0.743510733864375
1
0.408339488553698
0.869085979339091
0.244204141636583
0.586054759078576
0.875158294702708
0.725786420054824
0.158719778223515
0.276959103003804
0.469219231559394
0.437242685798438
0.691582618428942
0.553580086584068
0.265892815894111
0.480115717318427
0.735524055058536
0.192698051540399
0.824728213020659
0.971337369619212
0.286163010651521
0.680904255151106
0.691478022598002
0.304237474687576
0.361933937145012
0.910774782958821
0.480414642451397
0.668774561769046
0.294177019606006
0.00606307426463018
0.99017581196834
0.696381480477027
0.02353204841378
0.205449176570927
0.168376376816941
1
0.821295980204855
0.643027884507547
0.259069471349165
0.86661010723382
0.576298290609295
0.188394033496453
0.90170471428738
0.746886010476734
0.519869939025398
0.891094272089798
0.00110462448058278
0.000713216902641146
0.206190979941994
0.391866268739356
0.754530158545012
0.379756255244318
0.514476640645102
0.717412151716922
0.726840032722894
1
0.739158181181455
0.158912276879823
0.775073141336605
0.551652801466782
0.599087965787925
0.914343955622041
0.346330784573104
0.747123378745462
0.931057177435853
0.588855555640862
0.529173153373481
0.421289678969304
0.975559902332079
0.855858124344316
0.878889521693234
0.524775355704678
0.0417338173226592
0.0292525367383933
0.0276942855389487
0.443353298167057
0.0888638694744656
0.961364928931428
0.164872369851773
0.961364928931428
0.953752811053135
0.012450246433602
0.999923383764991
0.768600041952432
0.940946251660808
0.222376502058814
0.136638325886427
0.169116145210163
0.924640977424905
0.321229313123908
0.696529636533465
0.907543942456989
0.0183212460393694
0.216824800572688
0.657077158960926
0.0868702664806711
0.266279692330343
0.742255793229917
0.742255793229917
0.0663934518737667
0.166971782563479
0.961829837417361
0.292702286098463
0.177961650955125
0.17796165095524
0.640694687589919
0.323974924272449
0.867163812766492
0.414392265226553
0.882188084331759
0.872180224984866
0.303330978281808
0.60415055563818
0.658400059885194
0.0883640376850381
0.222232676373078
0.199620363107644
0.239873546912858
0.516516193177036
0.397550479095569
0.212881320583145
0.905819231915016
0.103831080001914
0.129033650176076
0.0388772159489856
0.738714168658635
0.513984169547563
1
0.656087877494738
0.669516222772246
0.626077543398963
0.507293252664978
0.191836677679054
0.174362914508409
1
0.24957180519046
0.69324627887346
0.740919149785358
0.60292126402751
0.619698072714184
0.908161474093638
0.970191719104176
0.858866125275928
0.591622853006917
0.112646130367909
0.466031471255252
0.384006640318591
0.105710675433471
0.437084697773838
0.136244720029045
0.437197641576222
0.0128666582075475
0.279394758771763
0.606409423154521
0.421255729796269
0.115671910935595
0.0100845611350884
0.0941105958705489
0.315617043227035
0.264619972810486
0.170299674988353
1
0.477444152784147
0.322171206579798
0.86265674194194
0.903254063512109
0.669288554569908
0.621394881920314
0.301414718066823
0.998267742723465
0.105653582643149
0.826266994882234
0.218060923787181
0.95185080436362
0.586260032154776
0.987042163257952
0.279055073201687
0.988147140577051
0.30194457362324
0.071230902218516
0.0172013730875125
0.709051703972766
0.635826498080881
0.121408977145332
0.719470422413977
0.454267657517848
0.849351011915724
0.972588870693092
0.398468733437785
0.0516856717925597
0.0136612412897764
0.0598032465533224
0.41407989749554
0.544470983222809
0.482721734430353
0.642324940595831
0.47338320067029
0.124664000427629
0.327226962155154
0.1090727911555
0.294475751774318
0.262862626960964
0.327226962155154
0.422377760558199
1
0.0158003309519385
0.543266884193917
0.951850804362149
0.424379035175059
0.616030917191678
0.0101648758405152
0.00877038960468177
0.276109388084178
0.364142170201087
0.226701733172202
0.892685710571965
0.405938752076405
0.654363131880584
1
0.633673162184478
0.257027630885035
0.31912616140959
0.154633372948566
0.379755703177201
0.940638601072897
0.0217315903981258
0.550296387883822
0.268415183842882
0.906541695504095
0.157100410923473
0.523689246394138
0.500665530421019
0.28400744483083
0.615799065581033
0.369869040664779
0.288735872229158
0.425907391887473
0.842947039173197
0.526807108306465
0.393112519793427
0.127163992120088
0.501856865301685
0.818285885046308
0.530847567885845
0.296244644185078
0.226385719938978
0.399214408914265
0.560022944375414
0.891587527337456
0.186330085515648
0.612314275312873
0.414488933706034
0.791915181142126
0.418716683016493
0.499233450817539
0.324761869596466
0.86078200216715
0.42615064419038
0.00719505035093874
0.883815087029548
0.194864695222443
0.606532865881711
0.919850488301773
0.193783175627688
0.886125066086293
0.611776172868368
0.947158874772785
0.0789589791946583
0.705001327439616
0.753528026788816
0.229739907705948
0.298110458941773
0.913678917030985
