1
0.145006074300757
0.958319063128909
0.682891379282834
0.714930251630363
0.453091968830405
0.113046268499695
0.92049284413281
0.269340410660124
0.573092261499835
0.684049666833703
0.904455063660531
0.593667091836868
0.561835934863473
0.286165500069149
0.974182570468781
0.566898397603277
0.442652283161159
0.888012411516398
0.310140650099938
0.583584906247597
0.516076863159454
0.3561945125482
0.0782399325171278
0.638305169862925
0.52466662054603
0.610377203293524
0.666908793287582
0.608627417162518
0.880261076606519
0.180022124328543
0.50540031837859
0.549484251040566
0.520258680064465
0.273420470230583
0.228982106157414
0.424890312655801
0.857261585490051
0.396208567661669
0.969431301181528
0.739807873000163
0.452808578260447
1
0.828421084667658
0.959137524240554
0.333504386286306
0.60810179220651
0.603756772319844
0.759757788736959
0.286604153047096
0.061432628264399
0.214695793364984
0.675202204084519
0.456081532303107
0.618195929350502
0.295022188700582
0.82156040999101
0.29984697640147
0.774180959296116
0.523801974782578
0.834659977085252
0.627175001171736
0.75404253893354
0.950947761306691
0.934967731126762
0.726897196575302
0.0986486285518938
0.591499782456194
0.347193299948576
0.361220831939221
1
0.868410806344473
0.402566034581829
0.670060257200676
0.902548701104158
0.00174121865754736
0.0870802281329483
0.618409944868643
0.16366384067939
0.336731698179421
0.0291386258697734
0.0365422804048127
0.0182439823789034
0.20707456081984
0.607822192922631
0.550871677901573
0.494271209445783
0.128557433251305
0.458056905597811
0.793281021975246
0.539433159367004
0.799130569211198
1
0.888776891686248
0.923767748241169
1
0.993037477845462
0.140435386849129
0.839723157648325
0.810907040016401
0.132844573934353
0.877610839737605
0.482945996253961
0.0931500390957004
0.437530787124848
0.212909025262626
0.0363890840238755
0.981743336609561
0.219935016726481
0.550488073116649
0.917135793467942
0.149071603040299
0.162993533449655
0.488739466824541
0.181544775147366
0.159328800997894
0.832580042661749
0.130260911162592
0.61408476220702
0.126118537373709
0.0681592620444343
1
0.488527451060708
0.251889082099185
0.121301757817583
0.408249317481378
0.809499621506322
0.770453929538395
0.404904364725492
0.81544560204915
0.498671167717422
0.0616176662142893
0.000899930515435079
0.725107482704905
0.11387233556991
0.0305197548666807
0.108251176809246
0.8344130130945
0.637358161547078
0.921041563965966
0.270541131113015
0.889582509877107
0.919556141436398
0.348805093223275
0.32327103663613
0.619454514116635
0.102173344251015
0.708486694645684
0.994710838841286
0.583162341419524
0.572767350218422
0.813327642038569
0.35810904483549
0.590578116196392
0.188523209371675
1
0.638144161686212
0.679285296882574
0.650213266392613
0.881015847160097
0.0160638538583911
0.136271599666595
0.0658689308633215
0.419084325391983
0.352871451646689
0.670832699277908
0.310279770990575
0.270007196044744
0.69720339115612
0.643400316020179
0.165225745405092
0.151991234485213
0.209854088552612
0.456247236361609
0.286183712973676
1
0.1416977891693
0.165399865468078
0.598570417850052
0.527697970086844
0.574467846505644
0.253000002992665
0.643346728773192
0.677167925977149
0.909342557001578
0.930077795814821
0.45228901387334
0.907054334790581
0.56098739178054
0.0575471411969929
0.00862404361302791
0.252685493605968
0.984268116517754
0.965512074291497
0.711163155410933
0.109811020757706
0.676842929378725
0.518810761593462
0.501946261245353
0.518810761593462
0.760915394336926
0.909034783142413
0.321677132351173
0.855523125603781
0.612317045690439
0.324280861736678
0.74939249933651
0.677264573323925
0.35059612915912
0.311423980606072
0.841957880908765
0.356185832606295
0.465360695192786
0.207039448069939
0.0151192903871858
0.253162892032746
0.436650562811941
0.783423708923616
0.783423708923616
0.394698696142345
0.485197136438995
0.119225799256903
0.114652426541984
0.993967863153712
0.993967863153805
0.173982501797194
0.060182284784067
0.715227872089945
0.587814813493521
0.15196648176691
0.710724762899572
0.937762494394374
0.161865337307105
0.355127773269372
0.259660296759114
0.0636741738865157
0.990028844870102
0.408342741350783
0.160589505598597
0.746130089151919
0.531331995847717
0.539552807415102
0.406589464761299
0.928522511769544
0.896835159123423
0.117641967773075
0.818213610500771
1
0.918313394362135
0.465566890962844
0.36138158012072
0.764616953252959
0.792849258325642
0.966881287591779
1
0.747692063908121
0.717548379851279
0.629757170233856
0.871023620086044
0.380613324773953
0.0654345924119595
0.315779903363254
0.409146855096748
0.34385289617337
0.699463940354742
0.911479342317516
0.753884691929568
0.622244077427763
0.0701583118487398
0.214962170557482
0.0785092386050396
0.674397750799051
0.0157457240969504
0.228237294823333
0.151530342882644
0.480173372831884
0.647941999024783
0.664546640309785
0.451564335911464
0.833825037281643
0.532177980624433
1
0.693268566960244
0.93093131973646
0.271137177239551
0.956034861917357
0.936967206568185
0.595801969288953
0.771621295449056
0.488882906592879
0.0325628197724199
0.70123490824936
0.081234579113525
0.880644583164077
0.974049726848308
0.330202269234639
0.218303378490403
0.313521178173134
0.696518456864885
0.0948442287612993
0.776791667829909
0.816349585038433
0.710002784672694
0.353644844096046
0.671269596398059
0.571529665508066
0.344048416663094
0.462906696536954
0.398750221083503
0.844050621297563
0.856684523631908
0.946282521168478
0.288907012053331
0.870685157972753
0.353986554855239
0.0868858198596659
0.0985440047337606
0.183728170873218
0.731785736179823
0.232210104572181
0.478116556055236
0.659526161020783
0.731785736179823
0.615956938230802
1
0.18368289777911
0.934991424311747
0.880644583162393
0.0647461752599853
0.366988052750844
0.6910963741194
0.777389774232902
0.217647328273192
0.0585579940154425
0.551522414104526
0.975666250754542
0.10305079739125
0.408404467145715
1
0.0447443921053638
0.129831100077489
0.313185820024821
0.00380961370941599
0.297944354394262
0.354675988679367
0.626395785953003
0.875680589949987
0.231109755634421
0.0576877053514196
0.819216901209905
0.258902456778684
0.370067466359878
0.963705824414586
0.278491848360914
0.999975337733817
0.146089507415431
0.439082037186152
0.185745457483329
0.492821208421816
0.382541926645932
0.251250194895931
0.402027535124446
0.943134006983613
0.905434410627821
0.893682563847163
0.853940301629482
0.182714893209739
0.717712265909325
0.221986506603086
0.54917221491503
0.000401124472166054
0.0136734323886622
0.501838692546571
0.37495592974989
0.62643767949632
0.628932674592914
0.0307774121892294
0.722520908100282
0.232300053849704
0.463492653077499
0.449600847304359
0.466891471488236
0.834942792494184
0.509369281655658
0.837071894027418
0.954832204676011
0.891387714431888
0.916377602569532
0.249138075128572
0.49919194293254
0.814303886798489
0.745198261954947
0.630658218181568
