NA
-1.78588270296781
0.0295335652255062
0.117951840640572
0.200762601108224
0.304295346539597
0.456625143555467
-0.0274071437983991
-0.313447031656937
-0.265108441031472
0.123804504293874
0.0338653199182062
0.352366550864621
1.22195304514275
-0.445038302350902
0.00927091113549849
0.198848104879282
0.227166515585481
0.0443014036991549
1.54105428823804
-0.144129614996103
0.199454041004511
0.671106392289173
-1.04694792871329
-0.135296937496566
-0.460482883160466
-0.518858611630469
0.143031653949642
0.157542387851466
0.0491534583686732
-0.396157689307758
0.191560030573815
0.403847005074262
0.32548556497359
-0.373156920991143
-0.472684729130327
-0.234647093276156
-0.054538525026306
0.677682102917179
0.0159781293349628
0.105342508686402
-0.2734558814276
NA
0.0788497298102122
-0.0156233540460242
-0.809763043738656
0.187464040951873
0.147994566213015
0.232841592992315
0.468032117215504
0.713142489438326
-0.676026568001966
0.122072838848817
0.907854159998083
0.147286789749167
-1.60049994192093
0.0661703354014307
0.398261113306859
0.0984446614123726
-0.177727438497278
0.063849088264158
0.141071712954478
-0.0952518837836092
-0.0165919430270378
0.0225590131375579
0.11270844394982
0.551835859194012
-0.2294158836946
0.402262331206344
-0.283075423857396
NA
-0.12851828755514
0.239705438271649
-0.192757052234526
0.0747099979136854
-1.38709347476008
-0.882018127180311
0.138893841340698
0.599906480551368
1.91723965110123
-0.630839819293074
-0.578523333327784
-0.675258324148682
0.517646343956493
-0.169458304940704
0.203493169717497
0.307964092346722
0.45394033483622
0.362234234884014
0.071972987422825
0.190155293060595
-0.359176314759495
NA
0.0487641430454957
0.0432581084864552
NA
0.0112139137393115
-0.650285775051011
0.129446088376341
0.0824650341142714
1.27633810614043
0.0556606925230767
1.09385397384722
0.601173627941627
-0.320200043958366
-0.544283453785781
0.962367687864628
-0.0284723849879356
0.799375965336338
-0.38508800240626
-0.0319092363083939
-0.642813628841552
0.633225468287856
0.203287011108152
-0.61572362403632
0.473086270880406
0.132810092057238
-0.547444786101245
-0.165189091530269
0.532606196672624
-0.575185182030806
NA
0.199313399603088
-0.352836816095669
0.495118240920938
-0.459499221309511
-0.0913470624470332
-0.114876636115902
-0.389517582789839
0.0890700819649624
-0.373662324840175
0.77472921577213
1.85800338019956
-0.135616913143473
-0.542702511366038
-0.621772921713948
0.692799803105899
0.0611175907200447
-0.130493132846082
-0.0593789336408435
-0.414437369781102
0.0496307612225735
0.0380342997889365
-0.395138619400086
-0.447814424516196
-0.199472187995053
-0.6850044049521
0.102848187864922
-0.00268932220692619
0.212715350517238
0.197339595779141
0.0687771136455844
-0.309513338887253
0.161965724213148
0.371186871182882
NA
-0.150852389697491
-0.106548961048157
-0.288145705220369
0.0492590248676343
1.90594552379937
0.411587388616091
-0.808896662597704
0.274223943360015
-0.262168083630922
0.122023861301415
0.604608233393822
-0.601989855494253
-0.120203960970397
0.150662225952267
-0.427609928202079
-0.514068260534366
-0.438228575583061
0.226019730695967
-0.269662696686135
NA
0.460790536787194
0.52647590874394
0.181645788609899
0.275714464349051
-0.64836486504089
-0.48152578059679
-0.174144033644952
-0.116863271481645
0.0319384153032143
0.0392233148780292
-0.201417676409111
0.0323919890354532
0.159866455974038
0.499148851300236
0.662967447896559
-0.315130324534612
0.0316525351126984
-0.0126321797643101
-0.107649209168464
-0.680218321676861
-0.146075336798569
-0.352258767958475
-0.492537592430693
-0.352258767958475
0.167467637441303
-0.0341441501223372
0.783693286287587
-0.0840923008043859
-0.167532316025437
-0.344169258922854
0.0971909581906392
0.127546123842119
0.245112601793076
-0.588273095459812
-0.0611211547071377
-0.25266692012438
0.221161144403135
0.419461683338513
1.46366709670926
-0.447726740537263
-0.364010758053112
-0.409532060884203
-0.409532060884203
0.499367107746849
-0.222403563999791
-0.77117823109625
0.456187453051726
-0.00414426199679951
0.00414426199673557
0.465267727845708
0.692764555281942
0.177367140045213
0.23204945210739
-1.0914883464694
0.380070530549055
-0.168966050838115
0.508894746992908
-0.283165791292213
-0.312159976579157
0.521592502529977
-0.0210049075708412
0.350681660907458
0.904643934062761
-0.130420299655349
0.236878200452352
-0.379904189979659
1.07263431341073
-0.0907475974646506
0.179680290236324
-0.648145795854369
0.127682367355348
NA
-0.0381815803350634
0.494701182368132
1.93678707148592
0.0988013115192494
-0.0761731703052035
0.0116256753127111
NA
0.093174952873774
0.105195391585674
-0.363658238914837
0.0609417314649505
0.411617643799917
-0.881380582642976
-0.419459972691298
0.247402839186131
0.266524267980463
0.111521508118059
-0.139848439042225
-0.234689192240021
-0.141043128978382
-0.509083761113775
0.351013038231077
-0.494537131713926
0.394494904304385
0.875080068720134
-0.382599399827605
0.416527552539218
-0.213452151858778
-0.136428748954707
-0.248194839681323
0.246431535683048
0.0598929896058884
-0.174626286253869
NA
0.110926173787675
0.0339776664157281
0.433224057521137
0.0162530666443566
0.0369063597170367
0.145870625706028
-0.309593908254385
0.880507351779981
1.48964803902987
0.119040713052565
-0.980316001942268
0.316812273433283
0.0226812166108852
-0.2689394592865
-0.543560394266507
0.267098821484215
0.249570001708406
-0.532066848564785
0.0961892128105504
0.185238187829158
0.217393097899219
0.537186134044636
-0.218709686949609
0.165516723422662
-2.04012033362329
-0.462428042367577
-0.234827050648303
-0.0570707939888706
-0.13273109649603
-0.0443671871293247
0.287779170777823
0.122754856355186
-0.26101480113309
0.517764472402177
-0.517247404186655
-0.409665148199529
-0.112992539519574
0.354729111387062
0.238325985109419
-0.145657539338297
-0.112992539519574
0.175021977957847
NA
0.495714830706177
-0.0243258403377009
-0.31681227343779
0.546945557746959
1.85419418172319
-0.109556689515948
-0.0781768265919887
0.415262199827682
-0.526930774229857
0.167298529020433
0.0102684214105437
-1.07899557143935
-0.313278223012713
NA
-0.592521843927612
0.713082071696276
-0.273555765009654
0.862257917872867
-0.439077050396061
-0.248439743166816
0.2153177211552
-0.077648644804114
-0.332633296906252
0.596716934296687
-0.117472896468716
-0.419271062906517
0.238545153429438
0.0219486305431928
0.513323212992677
-1.54303944555068e-05
-1.00045487588483
-0.281832150196401
-0.427458936040978
-0.208936526737267
0.264891093163328
0.298195941836342
0.239155547481502
0.0198220334053048
-0.0362843954146541
0.037317643096074
0.0519472083804882
0.429373352843635
0.116417798769968
0.436229167667449
0.170342780781123
1.59319501523645
-0.70429292178229
-0.308279529969393
0.446777909859762
0.128829122050256
0.136650594542566
0.59839383227904
0.136489371914825
0.482448731173687
0.208777526040883
0.206772806116682
0.218819448354546
-0.0724973933641593
-0.184994681789519
0.0620726116321357
0.0174812113534788
-0.0751726124999692
0.0309429791610398
0.91023324763816
0.331349671478316
0.0814628951396159
-0.0929406682684526
-0.244094327559278
