NA
0.491937805075603
0.487935921744632
0.488244497279285
0.488181534961662
0.488989676687193
0.492671455854476
0.487949510643824
0.490228718976855
0.48852783943957
0.488242078417232
0.487957865567436
0.488465979979334
0.48856358556006
0.490072959003435
0.48793275708709
0.488547338032941
0.489039564918816
0.487968054402652
0.489870146031477
0.488495742411251
0.488723896987147
0.489532965280082
0.493791637008846
0.488346188146133
0.488691872341797
0.48841890167845
0.488279002431807
0.488423702859116
0.487973432441102
0.491319675579305
0.488765026062979
0.488604427921641
0.488708189512315
0.490189840460594
0.490657520720794
0.489128748513414
0.487991583500251
0.489285209661996
0.487933548553278
0.488138094333348
0.488991007155043
NA
0.48801906195017
0.487935721968139
0.489691290956835
0.488425150904064
0.488437224233404
0.488106545206126
0.490069054359416
0.494547145535878
0.490831929693213
0.488260833261096
0.488975720561126
0.488397807760051
0.489995569831121
0.488026386351954
0.48995465542921
0.488085500426647
0.488695053836373
0.488012666276028
0.488374296969095
0.488115290839482
0.487937900275954
0.487943300456927
0.488160060066239
0.493081565589772
0.488472290147371
0.489594088636615
0.489499748996783
NA
0.487982372678848
0.489249120272089
0.488272030426438
0.487958962341583
0.506690892851555
0.493461865109142
0.488397238567897
0.491589497829132
0.48966789551042
0.496953310966894
0.496212242946528
0.498510722804162
0.490930751487269
0.488425922266772
0.488599753907427
0.488809517435363
0.492289861137899
0.488966577919086
0.488059850098162
0.488638956150645
0.488052490924224
NA
0.487967544018493
0.487947995464873
NA
0.487930932013108
0.492030933690393
0.488007660147876
0.488038370019347
0.492193415886828
0.487975356271362
0.488856558044286
0.493255879848938
0.4890647115393
0.490854718893565
0.496225915821099
0.487931772935285
0.490766392192029
0.488601043998575
0.487951130874828
0.491857720056706
0.491601209898935
0.488832267158357
0.491296014280997
0.491666234141515
0.488014770550338
0.49225111341054
0.488408826237377
0.49234634878179
0.494220838350967
NA
0.488833147656583
0.490403717715112
0.492461584151781
0.489217554944383
0.488040009107066
0.48809079887065
0.489236054466036
0.488033173505484
0.488791725893106
0.49453766618321
0.509070718987502
0.488163202942623
0.49264970149664
0.496801049872604
0.492801311266378
0.488012914671658
0.488348535909803
0.487949252269245
0.490217201012155
0.487967010052379
0.487949955897384
0.489582985466688
0.489767522040786
0.488394466666443
0.492975340511379
0.488193550668149
0.487930871494753
0.488497012684234
0.488528851993279
0.488035581599391
0.489520237346821
0.488474988057914
0.491190453921977
NA
0.488346586736904
0.488252098054115
0.488317349985894
0.487972892488592
0.498939220291645
0.492118799454633
0.494327903776967
0.489159135373731
0.489555282045757
0.488270334267403
0.489869028963145
0.490222314873704
0.488215368798406
0.488333694807071
0.491562419477691
0.491801722275764
0.490894216069266
0.488974951227374
0.490072796730551
NA
0.492004873332379
0.491559419028725
0.488451878632872
0.488680791870826
0.488523565086898
0.490392134590587
0.488333824996162
0.488256610702161
0.487955154505444
0.487945257788071
0.488993449816815
0.487956405724231
0.488566336557725
0.494753571735379
0.501061341226666
0.490395407472802
0.487931519554795
0.487934302016476
0.488188520859621
0.492758382802797
0.488257306622302
0.488713602869928
0.488778654697275
0.488713602869928
0.488104802098345
0.487955320951231
0.489779684217606
0.487993090058722
0.488413613589251
0.489759857662465
0.488122578895681
0.488256403917899
0.4895707293287
0.489859866315698
0.488005502880811
0.489533023199239
0.48893331039059
0.49093121674551
0.499143982293399
0.490390441490907
0.489069079071786
0.488072775795776
0.488072775795776
0.48929390435158
0.488847062328577
0.492512831472468
0.492629317878261
0.487930896324356
0.487930896324355
0.491415870341332
0.494612011822673
0.488180987679994
0.488483128821464
0.491802191870179
0.488189340930237
0.487942246043378
0.491621047814992
0.489540097945397
0.490323985014727
0.494434320654701
0.487931082409887
0.489217041453954
0.491643673556226
0.488127785128297
0.488667657904233
0.488638538142541
0.489226706970683
0.487945910368752
0.487962382008387
0.492552602198219
0.488030070782219
NA
0.487950554787103
0.488932383311593
0.489498697243886
0.488099291951815
0.488060402437747
0.487934028446939
NA
0.488125282887301
0.488176743812526
0.488367674763152
0.487980326521973
0.489377385076029
0.49434865847284
0.489825383990747
0.489212628898894
0.48961732450039
0.488210917587304
0.487954014739364
0.488115535690093
0.488387114605339
0.494130504905488
0.490828551605266
0.493781005337087
0.488262570529451
0.499006757204288
0.490666286278144
0.49181048035364
0.488868354331823
0.48832275343899
0.488284283146684
0.488996864156778
0.488013507636858
0.488664623568958
NA
0.488223213446881
0.487944905822442
0.490211507214715
0.487936500328106
0.487942541337185
0.488459810660741
0.488089128906506
0.488831671816262
0.496588582244175
0.488207458561493
0.493675586071179
0.487973157646101
0.48793277740085
0.489715544749564
0.490786600191091
0.489843186102286
0.488216725472917
0.493200995757899
0.488081846451402
0.488032154676716
0.48819069471804
0.48955006247161
0.488269377121648
0.488532719496751
0.489615956027664
0.488944394554074
0.489270681205773
0.488003511611434
0.487992081473443
0.487939319447693
0.490048679939943
0.4879805891827
0.48954776127139
0.493468718992126
0.49308478204824
0.491262485240182
0.488151597490629
0.490619925730613
0.488877177751917
0.488295664160564
0.488151597490629
0.48840378859729
NA
0.49126317575096
0.487943291321584
0.487973157646101
0.494381859094748
0.489462416017985
0.488227596917842
0.488081015980015
0.490794776518103
0.494698464928568
0.48859756928954
0.487932537304348
0.49294952210873
0.489216702282095
NA
0.495556938456801
0.492260836231256
0.489845843566399
0.503908918046126
0.489970687696168
0.489543127647789
0.48837630744409
0.487976784816956
0.490632669513966
0.494745847225652
0.488028958583069
0.49033162954538
0.489442814848953
0.48793467990093
0.490142521850507
0.487930788918574
0.491916216518641
0.489057047219966
0.491231917103947
0.488815439260733
0.489365696062593
0.490410407720067
0.489252144940857
0.487940350501746
0.487957310714682
0.487964354183322
0.487994478319838
0.491277987493669
0.488176445642254
0.490741238064639
0.488605482168846
0.51202230379772
0.499484610497823
0.488779081705053
0.489412163171602
0.488376199210212
0.488369782572069
0.496773445564893
0.488167787728576
0.490618887212515
0.488941739392549
0.489006158486884
0.488926443520008
0.488012382303454
0.488749562043961
0.488010261005531
0.487936817411609
0.487965828013222
0.487951506212362
0.490432674552039
0.488789637682072
0.488034467951014
0.488129286311995
0.488365378400789
