NA
-1.46159664820119
0.0523112792900233
0.408959253518341
0.365623445724914
0.751349423888407
1.58977884549493
-0.0999056261532541
-1.10684139916662
-0.564186295983869
0.407379553431503
0.120147423599257
0.534160066951781
0.580830047081044
-1.06867085838842
0.0323927880776969
0.573324936034302
0.768845187575434
0.140951721843068
1.0168242273672
-0.548811674371794
0.650254215087688
0.924213167409292
-1.76765385213405
-0.470597737367844
-0.636990746556858
-0.510125546107558
0.430863597313967
0.512628258407136
0.150779929753338
-1.34414312110785
0.666901590888999
0.599281131867066
0.643782883876259
-1.09743817066037
-1.20569706398321
-0.799167983939831
-0.180031887661033
0.849755120108003
0.038356849778406
0.332446922009814
-0.751821302245333
NA
0.216935694705766
-0.0512831637861171
-0.968802515627108
0.513380686286511
0.519611774202445
0.306106413516148
1.0676964533863
1.8781334353301
-1.24365921779048
0.419472156758799
0.74638161320417
0.498981211840786
-1.04918960741016
0.225756421184207
1.03874255421665
0.287195945058486
-0.638320738161371
0.20892908633937
0.486259104722214
-0.31362988562164
-0.0615734231385684
0.0816718472294594
0.349616318781373
1.65711768273664
-0.53729984523036
0.94167761920841
-0.914582607845263
NA
-0.165833970041996
0.838357554713624
-0.426528365875273
0.122556630822949
-3.16252969138623
-1.71720368604122
0.498677045546069
1.39662856601131
0.962343740665453
-2.19321378838859
-2.10121401675984
-2.37497186115734
1.26466328228525
-0.513781049152234
0.597198470251593
0.684454136036508
1.52445294542389
0.743109202009076
0.262309977142341
0.614447675765409
-0.254721651857131
NA
0.139983164145201
0.0957775818301986
NA
0.00873436300931467
-1.47848385818586
0.202441203126863
0.239488678178657
1.50749422026063
0.154143572286708
0.702535603308234
1.68492473415242
-0.777514865985397
-1.24853429287209
2.10294787817143
-0.022904384436753
1.22953168836181
-0.597774038018972
-0.104138991763164
-1.44691705056698
1.39886218747872
0.693257562680829
-1.33944247992738
1.41119873255532
0.211596826788638
-1.51766240183757
-0.504833182584045
1.53429856942269
-1.83123474911207
NA
0.693596041773666
-1.14821389352787
1.55419035346182
-0.828260184366099
-0.24130618629526
-0.292072381289203
-0.834192785001245
0.233633054263143
-0.677489660880347
1.87678753821358
3.35713468203742
-0.352004453619435
-1.58612699800042
-2.17462907259347
1.61140520374246
0.209245765892095
-0.471925731597392
-0.0992138429075873
-1.1040639918991
0.138962629239076
0.101086659052897
-0.938529324950742
-0.989555189305982
-0.497193130485203
-1.63994119591681
0.374281245014012
-0.00663512491856224
0.549428317348988
0.564664502519018
0.236364620228243
-0.920534802326307
0.538636671221574
1.31826729125865
NA
-0.470823461113343
-0.413883896958245
-0.453968844252613
0.149822300622371
2.42258883426629
1.4942417765277
-1.84675407408133
0.809240165542897
-0.930627605273597
0.425467004403156
1.01653134016615
-1.10529799449056
-0.389510427620777
0.463466981942052
-1.39145069666919
-1.43656353672652
-1.2569387620428
0.746106799870373
-1.06863038084021
NA
1.47377777588388
1.3908757704161
0.52707600151691
0.632336831121983
-0.562163131498433
-1.14552163744906
-0.463541854850071
-0.416780173456157
0.113973909517093
0.0878282679589381
-0.752686873383067
0.11686366264079
0.582091217840362
1.90720670587484
2.64580899500857
-1.14628299168253
0.0197364084415885
-0.0432775063570155
-0.370681673717253
-1.60428807683172
-0.417225034755641
-0.646020456829082
-0.672326989005231
-0.646020456829082
0.304584686911229
-0.114362535251954
0.992826020444612
-0.182248933291127
-0.507354736063116
-0.987488407306172
0.319764279217778
0.416647896758797
0.935041799058893
-1.01412576814618
-0.199580396462747
-0.924229872550498
0.731078199281182
1.26476134554247
2.44501567324948
-1.14512758146906
-0.779010804829443
-0.275131995497618
-0.275131995497618
0.852478253799918
-0.698923324091392
-1.56295527545235
1.58269760654534
-0.00756718672896361
0.00756718672884685
1.36308662425516
1.88731752309395
0.365224220458147
0.542650492918364
-1.43665067097703
0.371270936574809
-0.0781546544974231
1.40263738319052
-0.926268116808083
-1.12955175464432
1.86205122182358
-0.0125088085487477
0.828094907188234
1.40693074245786
-0.324075297675793
0.626775671588255
-0.614266304749568
0.831200434591513
-0.0897870574248599
0.129781579346217
-1.56972360692589
0.230065742581384
NA
-0.102653783894879
0.730740089811522
0.914276011082437
0.299723541375808
-0.262870678272863
0.0415583221546311
NA
0.32201052183883
0.362113509356738
-0.48261518134936
0.162511648325544
0.878194363513011
-1.84974743765062
-1.00502113174431
0.826673275947553
0.948232302309116
0.386452188948844
-0.111276265911873
-0.313837924127385
-0.49323564032852
-1.81803771716738
1.24293494857735
-1.76604984826497
0.42057470443587
2.4300087830227
-1.20763347128065
1.43818774795614
-0.706997341695869
-0.457130681769268
-0.434118362427572
0.753895098828707
0.209999806447681
-0.625483848009483
NA
0.394842498930953
0.0867534486025207
1.10268842288158
0.0551808912606859
0.0791554187593747
0.531072426115524
-0.290544258525568
0.693028608971973
2.14842698548155
0.38405882395128
-1.75006565072484
0.150293331413092
0.0325595241918745
-0.975453107252943
-1.23390505493562
1.00973181281085
0.390437778067633
-1.67621924170588
0.283784184147067
0.232467706974814
0.372241661649826
0.929131326892064
-0.424866905874502
0.566487322559664
-0.947847521403726
-0.735108594197925
-0.845185300937288
-0.196902836707009
-0.18076771157881
-0.0674380528104653
1.06259751588973
0.162941917357674
-0.92847088339129
1.71826730086922
-1.6576350045599
-1.33275308442609
-0.343103349551805
1.19735640192351
0.710316324217756
-0.441051385399005
-0.343103349551805
0.502166127742023
NA
1.33289118715246
-0.0816420252983725
-0.150293331415229
1.85452577921184
0.903635975439732
-0.397790853930723
-0.283003026632809
1.23567015763125
-1.89948894936117
0.596222546728189
0.0305306356607645
-1.63573913988735
-0.82798571984021
NA
-2.01636731987429
1.51936917950847
-1.01043313012554
2.91863613337448
-1.04284869150657
-0.927139607963626
0.487359993829648
-0.156594517467282
-1.20019017656484
1.90612676464459
-0.228773464370844
-1.13135436673516
0.897835165347314
0.0455456309136273
1.08588374966577
-3.09379893939006e-05
-1.45765401650417
-0.774882752522495
-1.32662502661925
-0.686756560477698
0.874639105009309
1.14976597388634
0.839318732308797
0.0713973242135763
-0.118910025491672
0.133771020950689
0.184268279425041
1.33585011017057
0.361893948313391
1.22406606282092
0.599749886985507
3.58384357979061
-2.48187451682446
-0.672496268578755
0.888688147200065
0.487300790830291
0.483777998326907
2.17124270628775
0.35545945922389
1.19712517598413
0.734145146542686
0.757174297025298
0.728570100600626
-0.208566460680167
-0.660691594557214
0.205837408444684
0.0566919555413884
-0.136676371547279
0.105095355281306
1.15491685171798
0.676667533167492
0.235105323543999
-0.325307740787098
-0.481345147657794
