NA
0.24898009289014
0.249158390412668
0.244216691097963
0.251774014433781
0.246812714416145
0.245321307025826
0.245364596124846
0.244742335672012
0.244851115128107
0.244713996464814
0.2440615434498
0.243696932397852
0.248042855250085
0.246877290934393
0.244298857997667
0.244994722082522
0.243592878797984
0.244147226969967
0.251158259281759
0.244372429364792
0.250080741163336
0.243739039703487
0.245402332867889
0.245572233110457
0.246161723283222
0.253899012194633
0.243838142097567
0.24714449059382
0.262109246863472
0.244312248698786
0.247813554043368
0.243724700722539
0.243833217011794
0.243600518158094
0.244229004874117
0.243597194584338
0.247805297060866
0.243854304635298
0.243592928989572
0.243695023956028
0.250549070027486
NA
0.243889441737237
0.244800351801467
0.243638471276578
0.246050480227821
0.255438241154293
0.244793899774173
0.270481606023648
0.243604753713671
0.243863802132086
0.247229179429063
0.243642558895907
0.246679782978161
0.243986050481738
0.249632558498774
0.243673547880785
0.243699409128256
0.243955103891018
0.244098596119607
0.245152048210717
0.243780250519687
0.243595454338008
0.244852465505508
0.243962611912788
0.250377009232831
0.246176727932854
0.244493581297068
0.244422407949892
NA
0.246253956865445
0.251328348484083
0.244147190569971
0.246065277027793
0.243599933997958
0.243702674272229
0.243937967579379
0.249536986556584
0.243632984361275
0.266774546745744
0.245267259291372
0.244271573959518
0.248683549729468
0.243594041012746
0.243999807865657
0.246091702425779
0.245809585369738
0.245791508951935
0.244100916074351
0.244072012738378
0.245274173556906
NA
0.24396099378721
0.245882882264134
NA
0.251216070085393
0.264112484301184
0.245030633103792
0.243710722341602
0.243761134083197
0.248407827164682
0.248090879057847
0.245386850230655
0.244388798233162
0.243724284983567
0.244322451689814
0.244225992850139
0.244131578887413
0.244856232777924
0.247012300113893
0.258689664964264
0.256836687092095
0.24898934316518
0.244033548287081
0.252973840380936
0.245920019470588
0.257471476113092
0.262343528745601
0.244325864463436
0.243919129387658
NA
0.245684063524709
0.243674873201332
0.247747976929493
0.244498703679207
0.24366728687541
0.243967901192319
0.24968716722328
0.247212811646313
0.24519443412714
0.245438553201136
0.244072977587754
0.244665163804875
0.247384378854719
0.245117216045683
0.243940638916193
0.248795721039852
0.243741761072649
0.243595790764384
0.247076582325542
0.244108857662361
0.244073321779455
0.246824676585275
0.246136369127063
0.243630225178427
0.245115138081227
0.244151458655504
0.24696243572743
0.266964716941031
0.243592308428661
0.244057338867948
0.259430686677469
0.248507553602839
0.249412886573685
NA
0.243747792448065
0.244248617808076
0.247494684496257
0.243678073549216
0.244546774562323
0.248898091229152
0.243638466798053
0.243910266887465
0.244858643392515
0.243649142084259
0.276832677476618
0.279425017160357
0.248491444009118
0.245835821097447
0.243890690542511
0.245953377856565
0.244891707130551
0.243992271828318
0.243964895902396
NA
0.243930757249301
0.249681514378142
0.243841427499941
0.244675637282115
0.244436975413841
0.24362720433885
0.246307145448857
0.243909648686284
0.243614720602326
0.244485201278886
0.244803013897369
0.245570937568165
0.243594713510388
0.243692695822515
0.243662809950067
0.244829091990124
0.256369925422028
0.258257962413302
0.258551855213221
0.245389780977008
0.252491214393673
0.243599016546243
0.249510274405139
0.243599016546243
0.243602124378339
0.262923505827355
0.243591845096406
0.24385642974583
0.243608617555651
0.248156218587617
0.250393132470317
0.249392624297774
0.243619189971304
0.246604967007363
0.244056860794917
0.243633067818093
0.260793570027313
0.248267820527317
0.24419444574713
0.25260439972034
0.247378230673833
0.243922458872198
0.243922458872198
0.253962008667164
0.249451642218081
0.243598844859354
0.246983139682672
0.249157995994107
0.249157995994107
0.244257888747497
0.246570899520028
0.243677352420343
0.245630536498645
0.243658968784412
0.243670960878215
0.24683684627272
0.244413745475146
0.244189488854473
0.252519330064907
0.24815906743872
0.248636583518085
0.24782535215262
0.244879132351567
0.245782424403666
0.248349193234653
0.243634627440175
0.251721170556452
0.250666644278269
0.256743782158277
0.243931956108152
0.244894756518985
NA
0.244198168611392
0.244148796661974
0.244317793187433
0.244936696267643
0.248815992716191
0.24925178893753
NA
0.247654374915419
0.244067522153214
0.243926025681928
0.244419348267798
0.244344942456723
0.243632516531974
0.243596112639165
0.243688486111647
0.244471988778185
0.251322800504606
0.245217576010471
0.245911515766217
0.25163317251433
0.245439828091055
0.250406864700791
0.245438916615044
0.262740954055241
0.247176208117833
0.244403513053798
0.245571227340401
0.251193957807361
0.26409768706866
0.252206100807956
0.24667581579429
0.247404685859454
0.249360419004512
NA
0.245135882033643
0.246593236708528
0.243683312876511
0.243637001412944
0.244149613017048
0.244337660745216
0.246862727949891
0.243591859473749
0.25163581998185
0.243739097522278
0.248242677252055
0.243602988334634
0.244497709613161
0.243592651201707
0.247181288703938
0.243592519568213
0.246855550252517
0.253603987849616
0.26113919821214
0.244017469516907
0.244277488422897
0.250959635816297
0.243986201815633
0.24530521301504
0.243702120373149
0.243595453590113
0.245773902041914
0.255251686218092
0.262408987982255
0.254497655131825
0.245633270521763
0.244715277315211
0.245099171725559
0.244251402626384
0.245164584853507
0.250832109564174
0.246531040391231
0.25147998903081
0.246958258030229
0.247432923954294
0.246531040391231
0.245561668782481
NA
0.261606097812835
0.244722018787282
0.243602988334634
0.245544714269495
0.244360830944733
0.264053339804803
0.264880094701708
0.247225677199904
0.246113019390664
0.248071567935725
0.243647469574068
0.245705619260963
0.244204692098492
NA
0.244286269128783
0.247528397207171
0.24663132442901
0.249809050402445
0.245953383337028
0.243608793095348
0.259862527946171
0.244683049861088
0.247344493746597
0.243633970557118
0.249735033638319
0.244835592607412
0.244979190882639
0.247107983442862
0.244361842457864
0.246053370988519
0.247039494802591
0.245531847077902
0.243711822083165
0.244816995671028
0.245824018658965
0.250736663366404
0.244971481687311
0.2437531850243
0.244793186889218
0.246933631709299
0.24807768657957
0.245767002343433
0.244630647515104
0.24364862100274
0.248948157781211
0.244377146435365
0.245629691019767
0.243804597772492
0.245592998872366
0.244988499402801
0.246561205604626
0.243685853087716
0.245529805564681
0.26599531438771
0.243657114362735
0.248745197949284
0.244402956212349
0.243622789245341
0.248770334503233
0.24365452705783
0.244379526480702
0.243605269230481
0.253083204039678
0.244029992648606
0.243893218057611
0.248013263518592
0.246907860453214
0.24362775771041
