-0.935203523768969
-0.853080285039685
-0.155679673080814
-1.90637108306868
1.07000401266307
1.56632702866516
-1.38200349138892
-2.31658582277961
0.0101332876961893
0.821802925353303
-1.19898929962059
-0.533406002976761
-0.479955043356942
-1.41437266527616
-0.321543458711298
-0.298408998256614
1.47770593622286
0.355019019499566
-1.73796906078958
-0.597236697658158
-0.676753936980842
-0.79461036939662
-0.597682254415345
-1.49207440984725
-0.480364260771148
0.380580469121425
-0.234671255110658
-1.47777246451252
-1.01710773010639
NA
-1.37118669453549
0.344799956584141
-0.961843487431302
0.236572089227781
-0.792069279918644
-0.286436855254066
0.816251677425161
0.260631970563407
0.621468199009196
0.926259610822341
1.22261456220744
-1.27276510360677
-1.60735607954698
0.540284016022676
0.1744895315604
0.263226921834571
1.58575400910242
-1.32785294895362
1.81770755533942
1.7783933203854
-1.56022731913247
-1.23435023380955
0.0765717653414761
-1.39332099837474
1.03981636472965
-2.07533252146962
0.224141618886859
1.43644912542013
1.1034383913748
2.44366181805159
-0.170197974696121
NA
0.123561015792656
-0.0767255546625877
-0.495829588188782
-0.588190660185581
-1.36459473705283
-0.132159846407938
0.202115721922127
1.45119426434709
-0.481789174842386
-0.417992132499238
-0.416488268601893
NA
0.373255496868503
0.359984258112745
0.969309087509163
0.999116923767564
1.70772257284265
0.117587933145726
0.750252604923321
-0.251680454166067
-0.32925888787787
-0.573192452563345
-0.0496665262462707
-0.00231774593414622
0.287840733328918
-0.213503663379213
1.22053624234401
-0.957151671976463
-0.0382057656998394
0.542240430486155
-0.966224838808499
-2.05950715733773
-1.60083997096914
0.0800119801491858
1.68072325336308
-1.85898901592773
-1.90604985118544
1.66146239346327
0.131090099982276
0.362084396915914
-0.691988183195785
1.19612763390536
0.458442366415416
-0.304759628064041
1.51079437461268
-1.18281608088631
0.40163764712607
-1.02526365397626
-0.645861977183816
-0.322474871598376
-0.655929015401493
-0.846901404757001
-1.73782001127172
1.49438183079165
-0.116115984059506
1.44605931789425
NA
0.950265480379838
-0.648459922462532
0.606279903259447
1.00798180301563
-2.33697140760258
-0.997383004091157
-0.527183262623707
-1.16016102922014
0.880610909380969
0.0953317717165816
0.499293047167921
-0.500532372979777
-0.471901327970307
-0.703364339967848
-1.75575298487814
0.226276713888938
-0.330161901340602
0.645377023848858
0.998270913100227
0.210984780090798
2.04236549150832
1.70836697191262
1.0256400147287
-1.07697626112717
0.842322166993504
-0.754128847133549
1.02686778966468
-0.568778498551012
-0.00935130578166347
-1.56877254553166
-0.97523987672601
-0.180339048819259
-0.443805400138309
0.228675963437847
0.51653510350913
-0.344366433169219
1.48294202046213
-0.717830977975658
-0.0826652529649967
1.69972752304787
0.0598033567824686
-1.25866225168526
-1.17289108901727
1.07442817259726
-1.35207704418717
0.148285318903728
0.943403203864799
-0.023453700901071
-1.37987998990049
-1.03080286992748
1.1599082394624
-1.3952845644899
1.62433246525992
0.787015919498036
-2.10293019237519
-1.35656860602114
0.367589146851296
0.265920588643033
0.885080438665274
-0.108644802813361
0.360777529998424
1.76587320139228
NA
-0.229451702393108
-0.301587367133779
1.10233462805816
0.470555841296739
-0.544382408488324
1.46777761111272
-0.233799591443218
1.44978173808285
-0.334964291577987
-2.01394242549161
-1.84334371809689
-1.69754794985592
-0.207300592811789
-2.79924996302995
-2.99419532875044
2.35132801361715
0.849836257583686
1.07321651829916
-0.896737120577258
-0.599510098249342
1.27702391895753
NA
-1.2197001877153
-0.537699138313567
0.634142613479192
-0.909216418597633
0.503168707237764
0.49553496108005
-0.594965825104472
1.03916940757749
0.564352485011074
0.545473860816247
0.14116959379324
-0.576048294800138
-0.440219054083346
-0.547117334253323
-0.403255289179611
0.562510325878464
0.12868836050962
1.43205238331803
-1.63766695200186
-0.184761978244475
1.06816932653082
1.47282979084995
-0.720274557518188
2.0775408590428
-0.135762124067764
1.59838215437851
-0.291088730020453
-0.287193278715494
0.506588372171007
-0.577357166246824
0.135123737191891
-0.369722416561545
-0.724983995343575
0.724983995343608
-0.963851042740056
-0.817129760061994
0.400189925668161
0.378189887954451
-1.11851583105907
-0.995980782607205
-0.74478086567158
-1.85130788122935
0.325017004140601
3.26723825377177
1.56154534445901
0.517604087846488
-0.514657909480175
-0.433348981618748
0.546792163965966
0.0261993624527407
0.432715421411373
0.952400594949682
