0.404448600101451
-0.592191509306943
1.55870726844215
-0.832278233065202
1.615328531517
0.159393612984842
-0.0177274974999436
-0.831754034447705
-0.75364775382095
-0.0339751155157679
-0.724744502544915
1.26198379184265
-0.966350773127118
-0.81001304896298
8.51646180975381e-05
-0.171552371816936
-0.449496904343713
0.749245689490596
-0.150827232865525
-0.725209694452226
-1.39905055109829
-0.49605366329074
0.630950715168899
-1.15581078052332
-1.44546622505894
1.06803511507021
0.19738972586917
-0.102346214048766
-2.61298022167811
NA
1.26679991773924
-0.700871264504225
1.56133802889143
0.363626718068806
-0.238803494135273
-0.33917080896541
-0.679730715015365
-1.68585516151998
-1.60630045902175
-0.71959422223239
0.410561493713017
-1.01615137479272
0.928103602094419
2.18353499821464
-0.739275377951309
0.967571218386875
0.80141279178762
-1.63197872594146
1.59656966880757
-0.595367465976244
-0.948097741895937
-0.785208623205407
-0.32380821111747
0.12137605660776
-1.27552542211178
-0.204754123737954
2.10944788488268
1.21213665837309
0.488033333606914
-1.03868422170704
-1.02331305417097
NA
0.253552914891887
-0.508692984266995
0.195150906309784
-0.663131975258908
-0.453510506483685
0.338021939364701
-0.529017606315061
0.22349376173743
-0.164523276154487
0.166898639776922
-0.204701288456036
NA
0.162286961014642
0.0537728587099412
0.846502794527342
0.37024658904732
0.0528133956059074
0.511445041626138
0.703475170932742
0.555893456789233
0.700927420672073
1.09907775361699
2.49025079536084
-2.10363725397368
-2.15009504383204
-0.823076011969253
-0.998568982108579
0.477716688633738
0.0266064832861116
0.246841453885846
0.656384054962943
0.418618252129113
0.943052006802983
-0.422822085061352
-0.426659397278596
0.436962627215465
0.454046562835741
-0.517344967674845
0.419668015960754
0.0878434871371777
0.986737276285578
-0.0227428310978948
-0.244402305179988
0.167562356276412
0.52591801531814
-0.178738376888318
-1.68086837495798
0.327079784977139
0.17349311702374
0.325591012314274
-1.1374814451094
-0.990161323414614
1.61103042789859
-1.61348137233921
0.292267495131426
-0.319063852898221
NA
1.15123198082885
-0.467427199232021
-1.31029852725406
-1.60530288100878
0.482584664595558
-0.892788142157239
0.82815504884901
-0.996886478918259
-1.52708411821214
-0.526964961525192
-1.81768151339619
1.49568167833706
1.68301629156139
1.89101802192731
0.351637153036161
-1.02032953766304
-0.544989416777586
1.34435173670842
-1.42203013512924
0.276630890218389
-0.232815628625719
-0.152804386093135
0.559644757894737
0.114812658729966
-0.920030937504684
-0.133325519946323
0.473296180796447
-1.12570521049548
0.270349454550975
-3.41097898938715
-0.084215437281754
1.22347339125125
0.693136270522673
0.774932131385227
-2.58526780910252
-1.64134022629973
0.2058478955885
-0.216920482721125
0.116038255188047
1.2744757948125
0.417219327846981
-1.496292751677
-1.33243768552693
-1.06629104937497
-1.29962649757998
0.902803062143899
-0.195448525380626
-0.798128865387051
0.140119604154646
0.278366029087379
-1.88620780969222
0.932880751279332
-0.357428710146589
1.46809334221305
1.08385906277014
0.771871839513322
-0.524158952703941
-0.563628614765318
-0.798602666514065
0.425840833639372
-0.470646867691817
-0.114323360652561
NA
-0.287785931691744
-0.238202569065679
0.699086655988176
0.240698436126015
-0.0116168988878955
0.952051913072187
0.196377931813017
-1.74794071762227
0.0309352062214734
0.115866148413297
1.42747681438298
-0.160518150452878
1.49320556325852
1.4500233119107
0.107792479529373
0.593538322580463
1.11217076594304
-0.290343276489193
-0.453120581568911
-0.167818515285565
-0.832796814466173
NA
-1.12715030700259
-0.492619294492694
0.278970111691481
-1.42668468522221
-0.636538012978105
0.242465820661234
-0.196488023422446
0.211645903249534
1.17010732305945
-0.516019395510876
0.451535348806494
0.0155149503720382
-0.0815838244599873
1.20975557242609
0.945728667729097
0.772254093521826
-0.355904596895221
0.853511714375747
-1.54278769997784
1.62179980650216
-1.51110302967977
1.32198428865408
-0.552991272456267
1.01227861369516
-0.00309921100532658
1.63883394470065
-1.0709505139069
1.2690939006686
0.392827686197991
2.59522199032654
2.04946549592632
0.188696150943353
0.337138585814633
-0.337138585814348
-0.906427385456327
-1.10297264359165
-1.34258115517493
-0.0333055589041184
-0.86591576836327
0.0111449715401845
0.665354675172845
0.305460515341065
-1.28851884275425
1.36486472293554
0.591123358399596
1.30032038441794
1.35618862506913
-0.256476588097028
2.53260732965414
0.147911484738922
-1.69631237708835
1.42155480624536
