0.463855421686747
0.373493975903614
0.0120481927710844
0.144578313253012
0.196787148594378
0.273092369477912
0.347389558232932
0.461847389558233
0.0863453815261044
0.136546184738956
0.323293172690763
0.465863453815261
0.293172690763052
0.116465863453815
0.469879518072289
0.393574297188755
0.433734939759036
0.108433734939759
0.379518072289157
0.429718875502008
0.160642570281124
0.409638554216867
0.273092369477912
0.104417670682731
0.0120481927710843
0.036144578313253
0.34136546184739
0.389558232931727
0.441767068273092
0
0.405622489959839
0.178714859437751
0.433734939759036
0.401606425702811
0.21285140562249
0.289156626506024
0.0200803212851406
0.21285140562249
0.465863453815261
0.238955823293173
0.301204819277108
0.00401606425702816
0.240963855421687
0.00803212851405621
0.0281124497991968
0.387550200803213
0.184738955823293
0.196787148594378
0.216867469879518
0.0281124497991968
0.180722891566265
0.182730923694779
0.3714859437751
0.421686746987952
0.347389558232932
0.224899598393574
0.180722891566265
0.186746987951807
0.200803212851406
0.401606425702811
0.29718875502008
0
0.335341365461847
0.305220883534137
0.0441767068273092
0.447791164658635
0.285140562248996
0.357429718875502
0.0481927710843374
0.0401606425702812
0.447791164658635
0.15863453815261
0.160642570281124
0
0.273092369477912
0.00803212851405621
0.421686746987952
0.244979919678715
0.405622489959839
0.232931726907631
0.281124497991968
0.228915662650602
0.355421686746988
0.261044176706827
0.144578313253012
0.132530120481928
0.136546184738956
0.417670682730924
0.00803212851405622
0.497991967871486
0.271084337349398
0.246987951807229
0.21285140562249
0.192771084337349
0.156626506024096
0.112449799196787
0.377510040160643
0.373493975903614
0.198795180722892
0.200803212851406
0.385542168674699
0.236947791164659
0.136546184738956
0.393574297188755
0.345381526104418
0.248995983935743
0.0562248995983936
0.487951807228916
0.325301204819277
0.218875502008032
0.21285140562249
0.329317269076305
0.140562248995984
0.124497991967871
0.357429718875502
0.36144578313253
0.210843373493976
0.0281124497991968
0
0.43574297188755
0.451807228915663
0.116465863453815
0.100401606425703
0.1285140562249
0.285140562248996
0.00401606425702816
0.289156626506024
0.120481927710843
0.036144578313253
0.200803212851406
0.208835341365462
0.204819277108434
0.192771084337349
0.487951807228916
0.226907630522088
0.0682730923694779
0.0682730923694779
0.0602409638554217
0.140562248995984
0.387550200803213
0.178714859437751
0.347389558232932
0.475903614457831
0.112449799196787
0.417670682730924
0.449799196787149
0.00803212851405621
0.441767068273092
0.180722891566265
0.140562248995984
0.353413654618474
0.0160642570281124
0.126506024096386
0.305220883534137
0.411646586345382
0.433734939759036
0.172690763052209
0.349397590361446
0.244979919678715
0.122489959839357
0.27710843373494
0.34136546184739
0.00401606425702811
0.469879518072289
0.331325301204819
0.465863453815261
0.335341365461847
0.132530120481928
0.461847389558233
0.00401606425702816
0.0321285140562249
0.0441767068273092
0.0983935742971888
0.313253012048193
0.244979919678715
0.27710843373494
0.289156626506024
0.333333333333333
0.409638554216867
0.0963855421686747
0.0281124497991968
0
0.156626506024096
0.100401606425703
0.172690763052209
0.273092369477912
0.34136546184739
0.118473895582329
0.190763052208835
0.36144578313253
0.0522088353413654
0.192771084337349
0.036144578313253
0.196787148594378
0.0200803212851406
0.269076305220884
0.457831325301205
0.168674698795181
0.216867469879518
0.248995983935743
0.00401606425702816
0.0562248995983936
0.357429718875502
0
0.118473895582329
0.182730923694779
0.389558232931727
0.184738955823293
0.301204819277108
0.34136546184739
0.381526104417671
0.208835341365462
0.1285140562249
0.421686746987952
0.244979919678715
0.0321285140562249
0.116465863453815
0.00803212851405621
0.0763052208835341
0.0602409638554217
0.168674698795181
0.469879518072289
0.381526104417671
0.461847389558233
0.036144578313253
0.429718875502008
0.369477911646586
0.391566265060241
0.401606425702811
0.160642570281124
0.293172690763052
0.234939759036145
0.216867469879518
0.335341365461847
0.377510040160643
0.397590361445783
0.0281124497991968
0.0281124497991968
0.325301204819277
0.120481927710843
0.261044176706827
0.116465863453815
0.0883534136546185
0.377510040160643
0.168674698795181
0.293172690763052
0.453815261044177
0.176706827309237
0.22289156626506
0.301204819277108
0.0682730923694779
0.391566265060241
0.401606425702811
0.174698795180723
0.401606425702811
0.0240963855421686
