0.686200716644424
0.554214288424087
0.12022841035936
0.405982033384354
0.107398879393487
0.873477063135715
0.985869240754217
0.406277395927225
0.451712636461216
0.972921912676659
0.469231761524924
0.208035667356523
0.334727099049509
0.418640753048998
0.999932110892796
0.863917012483873
0.653431212019949
0.454356608716738
0.880223796739073
0.468946834811099
0.162937101064856
0.620257141726962
0.528602555456982
0.248772793911111
0.149478114670329
0.286451644212183
0.843669993249846
0.918557284872146
0.00947503361898132
1
0.206310496071646
0.483982488125038
0.119606721011247
0.716419237458186
0.811437783834644
0.734742767848932
0.497253052380593
0.0929704207509586
0.109368171242868
0.472392696162911
0.68171733107651
0.310460315580231
0.354176675431571
0.0298510072667372
0.460377300019523
0.334118086023057
0.423592243991377
0.103841128015011
0.111522779353954
0.552092885595
0.343921262861568
0.43301465549421
0.746332077587886
0.903482798453244
0.203211608117629
0.83791736477683
0.0358196612276051
0.226511921970453
0.625919398972826
0.29987406394719
0.307069092310645
1
0.800032520622075
0.611379796620141
0.845420504017624
0.507807618548897
0.650542779688124
0.735607397170909
0.597224674329546
0.823318998630654
0.869441420289258
0.867573809448115
0.837958605928063
1
0.871200375092564
0.95715560677172
0.398016443432819
0.711486905998631
0.957919354902177
0.609454390320086
0.482361402257814
0.578740658333032
0.483947496266489
0.272706013536079
0.0133625043512764
0.0363283268914115
0.0324293310556163
0.411185793804997
0.318891040360415
0.633235533427823
0.978793111922841
0.805217125626511
0.512131947402806
0.675825496152941
0.346491168373984
0.67275915078165
0.669964918922797
0.662485147090634
0.650157398899107
0.605335823195944
0.675059271794766
0.930065710703899
0.324648373877888
0.981872085442447
0.807103517207779
0.867052099954605
0.599373686294621
0.858276192956109
0.0939363904704985
0.743859109566789
0.862392879884941
0.744984138567979
0.256338085435409
0.322975272147733
0.108332873365554
0.107799485173787
0.770304915444502
0.749922982421027
1
0.250647783204085
0.640568516298766
0.191200262713671
0.109587522799745
0.629778814398958
0.372759816655586
0.408308744451592
0.31970562570426
0.127902075167206
0.598647422453619
0.0702129320769351
0.13589595679181
0.0935193388217695
0.0596845216465418
0.725382646826441
0.308478848255283
0.586207366472123
0.179954770516453
0.156163165653845
0.782273633441066
0.816079669529504
0.878665830121574
0.576182324980101
0.908678323036807
0.358371804750531
0.894034531389817
0.636381501955966
0.261282590950561
0.787096438876438
0.000745609585649474
0.93294709308059
0.222209787868111
0.488815453663764
0.439052906284312
0.0102512075173266
0.101882535637143
0.837063710053764
0.828432927937419
0.907707847171827
0.203582572704494
0.676847098218627
0.135736782638006
0.183831596691872
0.287237634907081
0.194829379457658
0.367429222366312
0.845187754196005
0.425491977271439
0.888669193616478
0.780942889575517
0.0603322278517721
0.35170888292393
0.72104806036699
0.143234301908806
0.279387093513056
0.440860423836392
0.600594846154429
0.573471281845315
0.425217577579295
0.670560592319523
0.638270123866465
0.909065807017215
1
0.773729755890444
0.811903332361952
0.485095226278537
0.809970174551564
0.990739780097686
0.341915889841493
0.844461009354143
0.0816026311739156
0.975343899535357
0.907844119813
0.154589533166537
0.872592072379693
0.136542426238641
0.148204103134529
0.914239776451521
0.553314185268986
0.267046745111153
0.771774868716612
0.650823162938188
0.866850763601661
0.405689962804202
1
0.2606722917424
0.622679021208799
0.780479746820131
0.154817636271797
0.524961116445851
0.808601962117398
0.844374932560299
0.832541790626571
0.24298200157487
0.606260074188848
0.651963567294305
0.987632731256962
0.935037664382468
0.227423053543297
0.345126357646928
0.440634416873542
0.722187888787308
0.394126599728644
0.124044886861439
0.106004756295867
0.131923071658284
0.187284058492904
0.580723580932931
0.312304475782446
0.997529463114109
0.102403972935598
0.285141038090945
0.205492457474354
0.694754435782474
0.00996609075823793
0.0413756653063469
0.85047168058681
0.736272430590223
0.736272430590438
0.365511947328743
0.27101394781886
0.180527020563918
0.973455347725242
0.387299487557424
0.991115953258305
0.506387456786896
0.760249069509266
0.198660332411915
0.173423510841395
0.554928667690547
0.194591883610661
0.176163876997464
0.797776735538808
0.0118844826611915
0.882522211064936
0.0909708289769353
0.156301073371365
