0.350596823756337
0.39444126772218
0.876412673625604
0.0577626538180992
0.285661995415326
0.118552298553918
0.168219176764364
0.0213452182203629
0.991923124216095
0.411981620291821
0.231681099385387
0.594232205624566
0.631684102527359
0.158511799958786
0.748070516827012
0.76564190387777
0.140760462158991
0.722878295443875
0.0834625475994467
0.550896448056376
0.499195362518067
0.427603005665143
0.550599532135654
0.136955743972896
0.631393558907123
0.703841671673013
0.814658317691743
0.140742659204725
0.310097414518123
1
0.171561241659541
0.730538177794567
0.337068883631876
0.813184846278487
0.42908031601203
0.774783658227591
0.415142702817702
0.794593487799214
0.534864751401645
0.355215212536814
0.222640627690869
0.20429811992106
0.109253800707109
0.589487997326088
0.861623692928
0.792595128756325
0.114074502844907
0.18545248328151
0.0703203337277457
0.0765693151437093
0.119986494962929
0.218245492752274
0.939026207281056
0.164775293241116
0.299441994977751
0.0389909333570927
0.822832400512796
0.152139944251965
0.270910702577025
0.0152397816132932
0.864993767644773
1
0.901763346982318
0.938903986296109
0.620455530436248
0.556941744437624
0.173622338603868
0.894965453960243
0.839992626635645
0.147994620309099
0.63038231976445
0.676316023004027
0.677414437572696
1
0.709278431617717
0.719166517001874
0.33333918576908
0.318715836085471
0.088944305813797
0.90648972833273
0.453816643939953
0.801497342234642
0.742239038862226
0.567035858833814
0.960428270096615
0.99815257876674
0.773710022728371
0.831110256863147
0.223425578934909
0.339426600689337
0.969554484703233
0.588141749217316
0.334876768307922
0.0404938890289636
0.11069055241761
0.936292516181143
0.0940807811629195
0.0642179739949894
0.0578045197609775
0.097889284682621
0.895810740811306
0.71759854934801
0.489594720236682
0.232793706915701
0.647037760060805
0.760805861462531
0.132119092408943
0.238019323471976
0.688298004387786
0.306241831929727
0.518968314780359
0.747365758312189
0.512480325061967
0.397869887685495
0.0834888699346719
0.136352256066155
0.907654970815915
0.149428249971444
1
0.342906251580099
0.517289918408326
0.544885685455979
0.314449619118277
0.0202405464518304
0.319554721457812
0.598539502690873
0.247103405515357
0.379384482076999
0.924128602869488
0.618017375972086
0.617145959130897
0.637413828513987
0.482491185852885
0.0803700929711618
0.821173346072491
0.741557487638481
0.519281930837824
0.319124961982808
0.833073109775677
0.0421773326691952
0.0888245466647319
0.306064688312585
0.282541609538289
0.40042249773163
0.451490187029921
0.305487280465732
0.570023256301493
0.992546394609896
0.117981107392269
0.330395427386012
0.857034273031153
0.657571815422499
0.819309993157937
0.605942875036482
0.730863738023724
0.139364606368231
0.473539879554327
0.934184665526535
0.0904410685985126
0.952360609227199
0.209340695763164
0.241969360305141
0.28367928430258
0.177587372623904
0.882238585165807
0.346396552446551
0.981307305843882
0.168871366004438
0.303641560502555
0.247206127282083
0.16418326194521
0.10558025709027
0.432027037385838
0.0364839114366597
0.176156918911575
0.71349438410704
0.790522198358603
0.37697404165649
0.913572430432559
0.718574118508696
0.0786525051817062
1
0.818707742334427
0.763220395011343
0.271389144286618
0.638373201464992
0.586669452818237
0.1434368587969
0.815334227061147
0.148387926324325
0.737936311600975
0.0450999391117678
0.0664768573831633
0.0908526268605855
0.835945915002179
0.00552661863076809
0.00303121989055255
0.0194930009303398
0.396239109461281
0.284221359117832
0.370732371152882
0.549382299713226
0.202792969576507
1
0.223741905745466
0.59126889253828
0.526574603135566
0.364122219869946
0.615294056961928
0.620663131961873
0.552410971815385
0.299742120141015
0.573026376623425
0.585919900541358
0.887851030971958
0.565107033672177
0.660163442298654
0.584792093304038
0.687109277151585
0.574278532747546
0.897708967356876
0.153393063732242
0.102764481822629
0.853567343708649
0.286486977673408
0.142070066414987
0.472037024616018
0.038785042825984
0.892119912050035
0.111236365242441
0.77122774368584
0.774205118772819
0.61289557137242
0.564224088550066
0.892624091264326
0.711906118950854
0.469148090175325
0.469148090175305
0.336063296720544
0.414641732702402
0.689362522570201
0.705614357704746
0.26443337634227
0.320234190314696
0.457112241639117
0.0653188885690657
0.7454433228525
0.00124014825639819
0.119675441601957
0.605197780116622
0.607252300249333
0.665139461436584
0.585015155591727
0.979119478848012
0.665599104026181
0.341824915019253
