0.0516353735417687
0.886599649549488
0.0142450044911004
0.45256771277674
0.117868134840738
0.739600039840041
0.418136301358459
0.397540048864509
0.639987564366897
0.484134046849793
0.831616739046974
0.691241885317831
0.0641297751903552
0.137612713941039
0.984257629358413
0.604410110758123
0.585383440244709
0.595187623795138
0.984268436604163
0.822235799303098
0.390696887642416
0.813935091566767
0.772422321008009
0.394815473844583
0.136229280569595
0.339105008343418
0.923205235188072
0.819834635036688
0.106320252520679
1
0.348240729946377
0.527605375917846
0.905316714484658
0.243468748746182
0.454609014383013
0.558258671332197
0.446291511760234
0.112143481321938
0.289478668354828
0.491589153456781
0.04439908533548
0.61267470248424
0.682902539623077
0.568420036432501
0.57032283946811
0.332499989740522
0.732067627627429
0.897281155119995
0.913459417537739
0.972957689258222
0.693571184009333
0.934884266756736
0.636005894485867
0.976696601027903
0.339755496015204
0.541995693550214
0.51248505295497
0.930983002197047
0.750098480745362
0.543019985954332
0.101373120594957
1
0.904603761495828
0.960457937814494
0.533653864974365
0.0512548027531832
0.916832539820888
0.115798310982964
0.0345479050948399
0.876487732623789
0.294314837266548
0.551819655093649
0.401737096873546
1
0.254422447003937
0.340544042583432
0.891855760450756
0.857912361086745
0.697800040774783
0.978941826218914
0.938314454338527
0.841025200986539
0.152227246959186
0.708387115183329
0.406278715230766
0.416252504355627
0.393233565790013
0.0282797332042649
0.93552983929363
0.172205249659638
0.861665136663898
0.762681323609996
0.850264193175845
0.85400121738475
0.891060535598547
0.668136967168287
0.054709420687769
0.0795750245221104
0.798270828284745
0.884974818985823
0.626412183179221
0.8727409760813
0.998337544617217
0.115727654049645
0.350037557868589
0.195671337600995
0.229851374882081
0.00957425520567233
0.895066521176191
0.498262628344945
0.522408557000304
0.573352707795485
0.43775829824808
0.719082482339112
0.502977700073952
0.565964213572625
0.225188891221234
0.369007932419372
1
0.420914112910047
0.635754243956679
0.853413845158529
0.270319469768182
0.789088368881582
0.202101859818885
0.841999454696958
0.170920586775921
0.302941784604124
0.719536794132726
0.297195864262085
0.26011772498252
0.276013257890349
0.355207112850383
0.196879571624087
0.151126080985887
0.0603646859794974
0.0364480228384649
0.832294168693819
0.749413554673636
0.0505580443942656
0.901813968994531
0.152563413621104
0.896708656533641
0.190424514342099
0.21737269812908
0.301709424978109
0.63384357972189
0.898357539695425
0.00941650353787114
0.586690379455444
0.981493360298253
0.0922403155996554
0.510484575122655
0.1121276653634
0.185036211815861
0.975956529437533
0.372390060187764
0.680200225733418
0.447954970180084
0.615334541400144
0.61187878802554
0.128498951580637
0.559071242169363
0.0735951146979046
0.675393264336606
0.365528612190994
0.586465145083211
0.125524201719682
0.324045992791606
0.135382334363426
0.163428935075887
0.375718057251792
0.0488056552755303
0.188025096905827
0.688730398343255
0.619522112227681
0.920016572428744
0.692676451725948
0.976247390251901
0.730654093356303
0.885444018627867
1
0.837094074811699
0.283925106770869
0.166546993935073
0.551487042504921
0.84958231813309
0.55860182078739
0.608166439378863
0.371325994923671
0.585126184270008
0.425280204181017
0.395891871951896
0.977810303524909
0.22461113416478
0.424267159697426
0.858379341776019
0.973702049753352
0.266869432024162
0.50731650658066
0.250199163269409
0.905140027105495
0.12403155131689
1
0.483470217784202
0.493192169903453
0.0291251176231411
0.00119283261233961
0.289832717610258
0.998656113176305
0.336915617211352
0.999279478358031
0.485042949218585
0.903045487150857
0.566743850384611
0.361390410660755
0.703944543769589
0.919165589929181
0.468651612223194
0.577180196609516
0.799307354148522
0.505719995266842
0.537479928776206
0.537532369001986
0.604504369381732
0.0107540478882914
0.624401902868944
0.0629678717144198
0.567088041930484
0.376085725039526
0.712716021406049
0.462727017084369
0.530880999339716
0.962898154322904
0.482423980873529
0.44834869644159
0.973026358617071
0.973026358617207
0.717183006125505
0.926520819135625
0.806195490933226
0.362664957952095
0.585534370257456
0.659339205250872
0.312611066356263
0.984491816555877
0.406506194966712
0.35770775337783
0.612328224203515
0.125379798861087
0.188881429884428
0.352645181304346
0.135795711620663
0.405764608823799
0.372267893938522
0.196404054583404
