0.0996985918411806
-0.166467039524976
1.88070249107079
-0.31649149430347
0.566977492776017
0.0473777174485051
-0.00467566114971874
-0.217644918464948
-0.355161538578237
-0.0116572898355045
-0.222465409125249
0.348667639769594
-0.30330302100038
-0.329710396206613
2.28584721604363e-05
-0.0462280871184078
-0.120897210664037
0.307604806876085
-0.0450282327618172
-0.201202424619538
-0.489110276497613
-0.137973017703622
0.195864533089708
-0.512986574115839
-1.60513521649732
0.762142518614772
0.0605544348754528
-0.02929647222828
-0.713600847748069
NA
0.367037717876794
-0.259379112567942
0.39599920422096
0.0971686844826003
-0.0766115420115554
-0.101552757339302
-0.636498979473847
-0.557762449059567
-0.43055589191076
-0.225104851177033
0.116718894606066
-1.88150548015687
0.292259872468669
2.67835757454372
-0.589600871907862
0.268724842629064
0.273048406023229
-0.543136100065585
0.51664621744083
-0.511899149726029
-0.323520248760902
-0.271709145073107
-0.0923049316888935
0.0336954489869399
-0.364168690007483
-0.0696552061804141
1.08163734411222
0.419788556940809
0.16806990227532
-0.289193623719836
-0.300727712506342
NA
0.0703621526648668
-0.143230864787366
0.111974937871517
-0.185678357637919
-0.137938098384954
0.0973389248972705
-0.324482509348826
0.14992394638665
-0.0437844685563142
0.0654217622957631
-0.079527136049812
NA
0.0485498831684055
0.081012153873985
0.255042756627592
0.118682964416786
0.0143826920502992
0.170237750331914
0.218981283901986
0.196325506175526
0.19221124645679
0.332069927589991
0.996048197844559
-0.845660614859538
-0.846524572482005
-0.219664100826906
-1.40278238408283
0.131573307082018
0.00814891250019656
0.0766081592473817
0.210137061993526
0.139789505837619
0.331271521316829
-0.187044661002858
-0.122690874926842
0.124726887868015
0.151649368468902
-0.170427319347936
0.11845195241122
0.0294405581417507
0.400971283029158
-0.0064610776811076
-0.0721945444998084
0.0513785610800408
0.299068137782214
-0.0500717342589141
-0.477278934159763
0.107969552618613
0.0567734806695093
0.0885668353096776
-0.419219951157629
-0.377339366435585
0.456258075257686
-0.44881908440021
0.0960349406431433
-0.223319049247646
NA
0.304913978657499
-0.123865519534409
-0.624288616730764
-0.676019466230391
0.193590879294369
-0.247900203553208
1.70529913748965
-0.277234537786946
-0.603272773568726
-0.342616189228699
-0.570995620045268
0.46890680758986
0.528454392779615
0.601348345672854
0.0953368426126193
-0.343397518242902
-0.277362137733217
0.650453451233607
-0.762086712328369
0.108773122969504
-0.0632194237184152
-0.0516211003107117
0.148308033309419
0.0315497067758415
-0.35072509959379
-0.0358330997882703
0.129075018925118
-1.69514561283631
0.0772299609662603
-1.34348725141025
-0.0321211429735619
0.338987899597592
0.736392501554235
0.413798441835795
-0.83403723565743
-0.451739054539889
0.0567049724282658
-0.105670277180181
0.0348709452138714
0.417903682684212
0.189176171951194
-0.47031044633718
-0.426612121753019
-2.23845867811233
-0.380447217393751
0.266270446516032
-0.0521804896135656
-0.240767515441929
0.0606027709456392
0.0748145794242507
-4.0009183173056
0.60138828216401
-0.208495816451121
0.674742384490914
0.32211411810172
0.264019012688834
-0.154741685662238
-0.294749950915858
-0.229529973849459
0.123068002150555
-0.207480238237011
-0.0990483435426768
NA
-0.102027603370004
-0.110992210003271
0.249469158115105
0.0700700698130152
-0.00340468712504105
0.409773909220178
0.0734668294300462
-0.489891033367513
0.0189755458881962
0.0382213265736642
0.933934105564301
-0.0522119338847418
1.31488586674463
0.431734360929001
0.0302455515439064
0.205216929630382
0.369604448460237
-0.100399854617365
-0.948241667841558
-0.0976993929869181
-0.233122220135019
NA
-0.776014041088899
-0.195671383885774
0.076393247171346
-0.849228508113953
-0.204893419686867
0.0715812774481197
-0.0580351440602307
0.0777765826651429
0.484823962693833
-0.157565173199337
0.140973833556343
0.0117411789101283
-0.0311919183819551
1.8178183431603
0.494445139859764
0.46253859585326
-0.123500487997919
0.216255961887429
-0.424289209752203
0.458949359014721
-0.959022575311909
0.382466187150429
-0.162138676803277
0.294613242672366
-0.000857198694035333
0.625796372150639
-0.341574046546908
0.496338202643756
0.14310514871535
0.851696465211541
0.646188118735594
0.0558906494441711
0.28371873046359
-0.283718730463351
-0.292522799548401
-0.456372860034898
-0.462464310842044
-0.013452707128728
-0.377569829050671
0.00477705368659542
0.236040685899874
0.0910912614941317
-0.350851778775464
0.488080880736495
0.209443361296483
0.399384645887425
0.768746647020968
-0.0760315489611916
0.735550296581588
0.0502510699723473
-0.482761795805953
1.23977104976035
