0.453405017921147
0.376344086021505
0.010752688172043
0.150537634408602
0.204301075268817
0.28673835125448
0.345878136200717
0.46594982078853
0.0896057347670251
0.154121863799283
0.313620071684588
0.455197132616487
0.290322580645161
0.125448028673835
0.473118279569892
0.383512544802867
0.437275985663082
0.100358422939068
0.383512544802867
0.433691756272401
0.186379928315412
0.415770609318996
0.28673835125448
0.111111111111111
0.010752688172043
0.032258064516129
0.326164874551971
0.383512544802867
0.444444444444444
0
0.412186379928315
0.182795698924731
0.431899641577061
0.405017921146953
0.222222222222222
0.293906810035842
0.021505376344086
0.200716845878136
0.462365591397849
0.238351254480287
0.304659498207885
0.00358422939068104
0.236559139784946
0.010752688172043
0.025089605734767
0.378136200716846
0.186379928315412
0.197132616487455
0.218637992831541
0.025089605734767
0.182795698924731
0.181003584229391
0.372759856630824
0.422939068100358
0.342293906810036
0.21505376344086
0.175627240143369
0.184587813620072
0.186379928315412
0.415770609318996
0.293906810035842
0
0.338709677419355
0.311827956989247
0.0501792114695341
0.456989247311828
0.279569892473118
0.347670250896057
0.046594982078853
0.0394265232974911
0.453405017921147
0.155913978494624
0.159498207885305
0
0.272401433691756
0.00716845878136196
0.422939068100358
0.254480286738351
0.408602150537634
0.225806451612903
0.272401433691756
0.222222222222222
0.353046594982079
0.265232974910394
0.146953405017921
0.136200716845878
0.139784946236559
0.426523297491039
0.0125448028673835
0.496415770609319
0.270609318996416
0.24910394265233
0.21505376344086
0.193548387096774
0.154121863799283
0.103942652329749
0.383512544802867
0.376344086021505
0.198924731182796
0.204301075268817
0.379928315412186
0.229390681003584
0.136200716845878
0.39426523297491
0.333333333333333
0.247311827956989
0.053763440860215
0.489247311827957
0.311827956989247
0.224014336917563
0.218637992831541
0.344086021505376
0.154121863799283
0.139784946236559
0.344086021505376
0.347670250896057
0.211469534050179
0.032258064516129
0
0.442652329749104
0.449820788530466
0.114695340501792
0.10752688172043
0.129032258064516
0.283154121863799
0.00358422939068104
0.28673835125448
0.125448028673835
0.043010752688172
0.211469534050179
0.218637992831541
0.21505376344086
0.200716845878136
0.482078853046595
0.231182795698925
0.0645161290322581
0.0788530465949821
0.0645161290322581
0.14336917562724
0.385304659498208
0.188172043010753
0.345878136200717
0.471326164874552
0.121863799283154
0.419354838709677
0.455197132616487
0.00716845878136196
0.440860215053763
0.172043010752688
0.132616487455197
0.376344086021505
0.014336917562724
0.118279569892473
0.283154121863799
0.431899641577061
0.448028673835125
0.164874551971326
0.347670250896057
0.232974910394265
0.116487455197133
0.28673835125448
0.344086021505376
0.003584229390681
0.458781362007168
0.313620071684588
0.448028673835125
0.313620071684588
0.136200716845878
0.444444444444444
0.00358422939068104
0.0394265232974911
0.0501792114695341
0.109318996415771
0.308243727598566
0.240143369175627
0.304659498207885
0.275985663082437
0.3584229390681
0.401433691756272
0.100358422939068
0.025089605734767
0
0.161290322580645
0.0931899641577061
0.172043010752688
0.279569892473118
0.340501792114695
0.116487455197133
0.195340501792115
0.369175627240143
0.053763440860215
0.200716845878136
0.039426523297491
0.21505376344086
0.021505376344086
0.290322580645161
0.444444444444444
0.182795698924731
0.21505376344086
0.236559139784946
0.00358422939068104
0.0537634408602151
0.354838709677419
0
0.10573476702509
0.170250896057348
0.376344086021505
0.182795698924731
0.301075268817204
0.351254480286738
0.390681003584229
0.204301075268817
0.129032258064516
0.437275985663082
0.25089605734767
0.028673835125448
0.136200716845878
0.00716845878136196
0.078853046594982
0.053763440860215
0.17921146953405
0.473118279569892
0.390681003584229
0.451612903225806
0.039426523297491
0.444444444444444
0.365591397849462
0.399641577060932
0.390681003584229
0.172043010752688
0.28673835125448
0.231182795698925
0.207885304659498
0.329749103942652
0.372759856630824
0.390681003584229
0.025089605734767
0.025089605734767
0.326164874551971
0.129032258064516
0.247311827956989
0.132616487455197
0.0896057347670251
0.376344086021505
0.154121863799283
0.297491039426523
0.469534050179211
0.189964157706093
0.209677419354839
0.311827956989247
0.0681003584229391
0.378136200716846
0.422939068100358
0.173835125448029
0.397849462365591
0.025089605734767
