2.05565846742245
-0.170026803441916
12.7014393176117
1.20927178620051
2.33737950010675
-0.419788712937802
0.909164134288851
-0.941929010071073
-0.940276967080509
1.02639321968985
-0.278467666406666
0.466069582177914
-2.46552908449406
-2.58244135579844
0.0224939046307107
-0.594592539184791
0.62610844217685
0.937908291436656
0.0248937779916343
0.26473863147457
-1.27636415020962
0.27784809809061
-0.38113277051438
-1.6125993614816
-7.08665280988316
2.91479617010282
0.125947751655325
-0.277647058961678
-1.88136902538432
NA
1.15044854916093
0.993767208587784
-0.128269880564769
1.3273225997122
1.01879826473776
-0.742182135587893
2.81953234509183
-2.25035744517367
-1.2093638821103
-0.91034512774652
2.43758351278603
-3.98430799639664
0.543470948556083
-2.98821395677783
1.93366027670578
1.14344938221367
-0.492007799641989
-0.181469711231004
-0.148697362286473
0.123932938358745
0.56713170359821
0.119031472509862
-0.574609609391388
-0.03447103016779
-1.15784531636248
-0.875070505221522
1.42710088331235
0.126651862268595
-0.467087311424635
0.719186774548263
2.05261022299345
NA
-0.141822702472925
-0.0595247771700862
1.52634538511342
-2.31936754392654
-0.135645710812934
1.93629820931756
-5.3933669461607
0.445253063229899
-1.18775787857041
0.996838349344515
1.39174427956792
NA
-1.44911504759402
6.13591067520679
-0.173448298822514
-0.242885344302955
-0.449166054230984
0.0375547848467628
0.102115210144795
0.30264644986427
1.67389026876975
0.481442433379154
1.40776672466308
-1.38456128199035
-1.42500035988796
-2.50430325326868
0.484739096468678
1.60391291051946
-0.226707202987729
-0.396322704967229
-0.25537372878374
0.261275678349939
0.205846956989419
-0.811363774363966
-2.35971509000793
2.13470083468198
0.362890096909339
-0.202711959509491
-0.583898633720352
-0.227239142408607
0.00357458792706922
1.90473698722653
1.1766379323868
-1.6872345902715
2.91876038193341
-3.10921811607215
0.158764961550675
-0.95044083080708
-0.889992328879254
-0.649959030036371
-1.20368971366485
-0.576191681503246
0.809489772860008
-0.681277474702499
1.68680099990076
-2.686900952324
NA
0.906833472103763
-0.533468010691314
-0.370132985058563
-1.98027520418459
-0.458360436288309
-1.4971897174067
1.75310968272038
-1.61209182836784
-1.73639850933274
-0.997702121918342
-1.39630093555895
1.50475586104864
1.45849028510988
1.25357368092023
-1.48779011055862
-2.06738802324023
-4.03245594633171
4.25951652737076
-0.484551753350232
0.536269762066613
2.25783011389167
-0.177821285240327
1.61841184332147
0.151515251408179
-2.11647524324269
-1.40985700875271
1.20006743874723
-3.05497308414874
0.154636699145094
-4.37166607956418
0.885031057292885
0.0273467595868464
7.6566787142454
1.5049232747152
-2.19051622105381
-1.55138092507756
-0.0352920940575547
1.84962269197852
-0.526451687836712
-1.04982001530404
0.962758847965981
-0.679161711367875
-2.07789748333956
5.23963148707775
-2.22566362753027
0.526141705952536
-1.02999074461784
-0.698819330251389
2.83487471563915
1.13046474588324
-13.5354805031277
3.72635318122886
-2.1529146717823
3.87862232486189
1.65808735044639
0.582519086484119
0.62199636112631
0.223727786174766
0.4825427792921
-0.0365410452246149
0.647709624895413
0.532557352348931
NA
0.307371700448648
2.0876407697007
2.10374664740387
0.738726818969987
-0.23663861551619
1.06277068489042
0.809040389422776
-1.06487619102361
-1.43107742050708
1.11005276286039
2.37354334525615
0.0379125492947505
4.57304972116146
1.00129557255253
-0.21267262797371
-0.0475815701561402
1.57629194681911
-0.980061257435134
10.286471535084
0.295810699723052
-1.83944578401267
NA
-2.06472828461895
-1.16437905217806
2.56001778134026
-8.26713837068591
-1.44977263991277
-0.00209501589563743
-1.21133846903148
0.00141840034644325
-1.21200801656912
0.157856103027754
0.760398655839673
2.95215156918837
-0.610859681503684
0.651085266708833
1.58374189582578
-1.42622691867768
-0.375426829366759
0.719909612398709
0.717227681757624
0.739388448315992
-1.40367429504477
3.13558237387322
-0.610942729514313
2.29165901886209
-0.674380197962588
1.43577106987966
0.499289053921265
-1.22698194220553
0.975404529755295
0.064980362902693
0.941972747371413
-0.951066543731939
0.121545820826384
-0.121545820825769
-0.495161073312094
-0.1583455029858
-0.358472987913409
-1.55686691120493
1.01656820141747
0.804230334321012
1.52823877245966
0.0244911120190743
-0.961608053397015
1.37476145550911
0.762745664466337
1.9974457830493
3.16219950606035
-1.17029990137784
1.83698813554252
-1.20481450292021
-1.08548371355554
4.81620903842526
