0.458333333333333
0.369565217391304
0.0108695652173914
0.148550724637681
0.206521739130435
0.286231884057971
0.346014492753623
0.467391304347826
0.0905797101449275
0.155797101449275
0.313405797101449
0.452898550724638
0.289855072463768
0.126811594202899
0.47463768115942
0.38768115942029
0.442028985507246
0.101449275362319
0.380434782608696
0.431159420289855
0.184782608695652
0.41304347826087
0.286231884057971
0.11231884057971
0.0108695652173913
0.0326086956521739
0.326086956521739
0.384057971014493
0.442028985507246
0
0.416666666666667
0.181159420289855
0.429347826086957
0.405797101449275
0.221014492753623
0.289855072463768
0.0181159420289855
0.202898550724638
0.467391304347826
0.233695652173913
0.304347826086957
0.00362318840579712
0.231884057971014
0.0108695652173914
0.0253623188405797
0.375
0.181159420289855
0.192028985507246
0.213768115942029
0.0253623188405797
0.177536231884058
0.175724637681159
0.373188405797101
0.423913043478261
0.342391304347826
0.213768115942029
0.175724637681159
0.182971014492754
0.188405797101449
0.409420289855073
0.293478260869565
0
0.338768115942029
0.311594202898551
0.0507246376811594
0.458333333333333
0.282608695652174
0.351449275362319
0.0434782608695652
0.0398550724637681
0.451086956521739
0.157608695652174
0.161231884057971
0
0.27536231884058
0.00724637681159424
0.420289855072464
0.253623188405797
0.409420289855072
0.228260869565217
0.271739130434783
0.22463768115942
0.353260869565217
0.268115942028986
0.144927536231884
0.134057971014493
0.13768115942029
0.423913043478261
0.0126811594202899
0.498188405797101
0.266304347826087
0.244565217391304
0.210144927536232
0.192028985507246
0.155797101449275
0.105072463768116
0.380434782608696
0.373188405797101
0.197463768115942
0.202898550724638
0.384057971014493
0.228260869565217
0.134057971014493
0.394927536231884
0.333333333333333
0.246376811594203
0.0543478260869565
0.490942028985507
0.311594202898551
0.219202898550725
0.213768115942029
0.344202898550725
0.152173913043478
0.13768115942029
0.347826086956522
0.351449275362319
0.210144927536232
0.0326086956521739
0
0.443840579710145
0.447463768115942
0.11231884057971
0.108695652173913
0.130434782608696
0.278985507246377
0.00362318840579712
0.282608695652174
0.126811594202899
0.0434782608695652
0.213768115942029
0.221014492753623
0.217391304347826
0.202898550724638
0.476449275362319
0.233695652173913
0.0615942028985507
0.0760869565217391
0.0652173913043478
0.144927536231884
0.385869565217391
0.190217391304348
0.346014492753623
0.472826086956522
0.119565217391304
0.416666666666667
0.449275362318841
0.00724637681159424
0.445652173913043
0.173913043478261
0.134057971014493
0.376811594202899
0.0144927536231884
0.119565217391304
0.286231884057971
0.432971014492754
0.442028985507246
0.164855072463768
0.351449275362319
0.228260869565217
0.114130434782609
0.282608695652174
0.344202898550725
0.0036231884057971
0.456521739130435
0.317028985507246
0.452898550724638
0.317028985507246
0.13768115942029
0.449275362318841
0.00362318840579712
0.0362318840579711
0.0471014492753623
0.110507246376812
0.304347826086957
0.239130434782609
0.300724637681159
0.277173913043478
0.355072463768116
0.402173913043478
0.101449275362319
0.0253623188405797
0
0.159420289855073
0.0905797101449275
0.173913043478261
0.282608695652174
0.33695652173913
0.114130434782609
0.193840579710145
0.365942028985507
0.0543478260869565
0.195652173913043
0.0398550724637681
0.206521739130435
0.0217391304347826
0.282608695652174
0.449275362318841
0.173913043478261
0.217391304347826
0.239130434782609
0.00362318840579712
0.0543478260869565
0.355072463768116
0
0.106884057971015
0.172101449275362
0.376811594202899
0.184782608695652
0.297101449275362
0.347826086956522
0.391304347826087
0.206521739130435
0.126811594202899
0.438405797101449
0.253623188405797
0.0289855072463768
0.134057971014493
0.00724637681159424
0.0760869565217391
0.0543478260869565
0.181159420289855
0.471014492753623
0.38768115942029
0.452898550724638
0.0398550724637681
0.442028985507246
0.365942028985507
0.40036231884058
0.391304347826087
0.170289855072464
0.286231884057971
0.233695652173913
0.210144927536232
0.333333333333333
0.373188405797101
0.391304347826087
0.0253623188405797
0.0253623188405797
0.322463768115942
0.123188405797101
0.246376811594203
0.130434782608696
0.0905797101449275
0.378623188405797
0.155797101449275
0.297101449275362
0.467391304347826
0.181159420289855
0.21195652173913
0.311594202898551
0.0688405797101449
0.378623188405797
0.420289855072464
0.172101449275362
0.398550724637681
0.0253623188405797
