0.489610699687673
0.489960726345625
0.493849638466166
0.490600491513009
0.494185832955792
0.489352223613297
0.489305284430004
0.490598859750948
0.490367213904157
0.489306855883052
0.490287279159033
0.49228394532944
0.491051599635776
0.490532088427082
0.489304696556266
0.489359751023401
0.489682662449217
0.490354837804679
0.489347252341181
0.490288540944878
0.492966255493901
0.489765013039371
0.490049411524425
0.49180373361478
0.493213241516942
0.491438577954951
0.489377583245558
0.489324291430495
0.502077065683186
NA
0.492306728215234
0.490223612357095
0.493864993169155
0.489552045901757
0.489411375944309
0.489519893512348
0.490169013446166
0.494621366932172
0.494131424076631
0.490273363648664
0.489620019540231
0.491236291375904
0.490916054890644
0.498223765701542
0.490327075025971
0.491056014897718
0.490506163294932
0.494286977371332
0.494073121646714
0.489967781864723
0.490986229723041
0.490458068366652
0.489500840499324
0.489332255657507
0.492348225614902
0.489383123349228
0.497628787509864
0.492053238609557
0.489750248329038
0.491322906227092
0.491263614491909
NA
0.489424960760835
0.489788769379008
0.489375939241343
0.490127316337594
0.489689442373613
0.48951843811274
0.489828224006215
0.489398135939828
0.489355331904209
0.48935680459151
0.489383082879539
NA
0.489353964717358
0.489310105648392
0.490645163179629
0.489561133933464
0.489309914342346
0.489794021269169
0.490230453030351
0.489882769084692
0.490223759616258
0.491564423943347
0.500905428489773
0.497582992016476
0.497952673686035
0.490571995583531
0.491170025191169
0.489731610195066
0.489306020805463
0.48941867831574
0.490110659834426
0.489632516611412
0.490968379256058
0.489639133715899
0.489645231615498
0.48966187709531
0.489690352462073
0.489805375887042
0.4896341628136
0.489319131594685
0.49112608377074
0.489305664125786
0.489416436837427
0.489357219858404
0.489822107131789
0.489364459879339
0.494589959859999
0.489504823975357
0.489361003714791
0.48950300627713
0.491725100526225
0.491138746384044
0.494159891832203
0.494174675992205
0.48946449046308
0.489495134900348
NA
0.491783972724519
0.48971341775423
0.492516431677196
0.494125430749456
0.489740355101815
0.490795759715029
0.490587684336778
0.491163744648768
0.493667093058999
0.489824169203142
0.495485355743994
0.493489524075292
0.494603476157094
0.495994148707656
0.489536003516806
0.491252208511867
0.489860313324135
0.492685539843264
0.493087526474008
0.489447849579544
0.489406093162661
0.489348375358722
0.489890597351052
0.489329355730322
0.490888145541488
0.489337949156541
0.489723745936651
0.491675243537993
0.489441422260567
0.511069628084151
0.489317963845248
0.492104891530771
0.49020344150159
0.490428076197305
0.50180758319373
0.494344300911053
0.489383963480285
0.489392720388939
0.489329885001583
0.492343218647982
0.489630329276327
0.493492944266856
0.492625881266869
0.491431614530869
0.492464327292385
0.490829399574287
0.48937615670745
0.490496337036385
0.489341424520763
0.489449651037074
0.495960159862665
0.490932685598808
0.489543685637704
0.493336566863333
0.491502277299898
0.490419221018316
0.489818651705379
0.48989896856435
0.490497752266978
0.489643926207794
0.489719067741902
0.48932914599765
NA
0.489459627547142
0.489410839723777
0.490218938696612
0.489413075696056
0.489304948995175
0.491000285099753
0.489376837945109
0.495020175304894
0.489306486757929
0.489329810338455
0.493116560063933
0.489352896595155
0.49347567950206
0.493237925118222
0.489326432368306
0.489963713738571
0.49161858365566
0.489462393300285
0.489688781054903
0.489357380569972
0.490602106801008
NA
0.491681333707889
0.489758661210306
0.489450280851715
0.493112330712618
0.490062659366522
0.489414673137936
0.489376918854296
0.489388491705627
0.49186593852343
0.489802813433072
0.48968609833278
0.489305146840678
0.489317147631692
0.492042450903534
0.490977836707205
0.49042032518333
0.489541651834353
0.490667452813682
0.493757274709409
0.494225020584926
0.493576264986785
0.49257397418432
0.48987674888894
0.491221596025479
0.489304714510771
0.494328921985769
0.491450243500662
0.492317610509459
0.489593367700961
0.50190404948521
0.49716212506625
0.489371304374948
0.489517322429734
0.489517322429733
0.49084166605661
0.491580468276269
0.492676640212942
0.489306771612302
0.490707350409718
0.489304928900438
0.490132840128672
0.489479242332269
0.492410548598133
0.492789501169412
0.489958361884642
0.492467702125809
0.492745337950966
0.489427750241422
0.50130341701082
0.489345622892321
0.494687529201772
0.493084997993392
