1.9546679426174
-0.142740509335428
2.46673405627606
0.752210691111099
1.56869835666039
-0.332718814537794
0.810879119342762
-0.847344347767433
-0.468234831713547
0.700617587877343
-0.212830647954842
0.397588623566996
-1.8587573076993
-1.48907806744143
0.019749368707689
-0.51866694931866
0.54618232212822
0.531953578863574
0.0197358088627542
0.224884936938961
-0.859711551283593
0.235578509682218
-0.289492935780366
-0.852252659021697
-1.49435544379885
0.957601167585924
0.0964855393717821
-0.227975584710543
-1.62027060142415
NA
0.939612887655326
0.632469903595296
-0.119057513357137
1.16886870002489
0.748814488555008
-0.586145269201475
0.762707619411879
-1.59373762090428
-1.06131341283958
-0.688705600277441
2.01955816441179
-0.506837908518723
0.408939241169896
-0.571067840849812
0.568258974513014
0.970801955169971
-0.342724394474231
-0.12921604668074
-0.108776087434647
0.0339298684200712
0.394427454524568
0.0817760765785566
-0.473817652220691
-0.0292372227468036
-0.956310123667665
-0.610559211255324
0.655824968092422
0.0866874938029301
-0.3188286451557
0.609010889700977
1.64373773531822
NA
-0.119958312955025
-0.0496241326907276
0.623223986535602
-1.95788298622137
-0.104520437541274
1.57763833403026
-2.12417436069026
0.155567932031185
-1.05070870132454
0.595768861583555
0.839823101148736
NA
-1.14206010166375
0.954747204572298
-0.136082327801694
-0.17920033254482
-0.388698395045865
0.0264195952577336
0.0774593510170908
0.200772082413273
1.43568924322023
0.37441098208402
0.831737582340796
-0.814169130832307
-0.85511191177458
-2.20503014488894
0.0809635402971325
1.36871546753763
-0.174418213348875
-0.302261343694046
-0.188959173683171
0.184188640463241
0.137089283435361
-0.429168033031233
-1.92940417309354
1.75967364521701
0.255833284843854
-0.14480003623193
-0.487330773544418
-0.160327278787414
0.00208547537072987
1.57794573602016
0.936110620446953
-1.29713670736296
1.2034132451506
-2.60912356183696
0.132018090412292
-0.678124999256829
-0.640457410217328
-0.563795611352449
-0.777115994859876
-0.360054850018872
0.670695052584502
-0.574699752502354
1.21557624725683
-0.899811301762954
NA
0.806043697748394
-0.474170995325552
-0.18493817462832
-1.10455149605147
-0.26775533340935
-1.27864003955904
0.199525110579393
-1.37283987114225
-1.03207928090835
-0.359446704294881
-1.04444697351092
1.12843976171931
1.09148869637776
0.926097892304888
-1.29362760720801
-1.43957120063583
-1.88588193567119
2.10216622978204
-0.211961387866771
0.319732941715478
1.96382160935931
-0.123484097361783
1.43450843366279
0.129940296401816
-1.31256332690198
-1.23637885632923
1.03471852251423
-0.476855704983744
0.127854530690397
-2.61494732578746
0.544279217255502
0.0232178221524749
1.68958692851829
0.658941680313712
-1.59380818654771
-1.32873705947534
-0.0301660196528711
0.893463818430614
-0.412628633905653
-0.759917329566765
0.503046058798031
-0.507973978570207
-1.5246365476674
0.58493469711626
-1.79598115644377
0.419205430655377
-0.906379275810363
-0.544607052099075
1.53666868034558
0.987949155541571
-1.49760684337937
1.39736919693122
-0.88725289572852
1.97906831244319
1.31972300086018
0.401001518295325
0.497090921514763
0.100505093400465
0.395641256248701
-0.0298009834853627
0.344605855447866
0.144205247134679
NA
0.205806834482999
1.07364029903132
1.38705883666548
0.596267473733395
-0.189830090178106
0.585633938500436
0.513281624995458
-0.89545693324054
-0.546557159968728
0.798481401401243
0.850311081958116
0.0278395629408798
1.21709598129347
0.800231961863682
-0.178605042530171
-0.0329955775221194
1.11255911110975
-0.663890651759609
1.15229844405462
0.119280744705952
-1.54279042293926
NA
-0.701683093408433
-0.686157050926098
2.19327198572291
-3.27479629003293
-1.06053301079589
-0.00168584504242222
-0.961958303382891
0.000903861400516961
-0.699160008623801
0.121927497684165
0.573545927910507
0.914242340345586
-0.380396796429013
0.101578094988192
0.725680751789987
-0.558173293875657
-0.254489831611545
0.666390808675604
0.617402842164014
0.617323203196386
-0.51853162985069
2.56810658690156
-0.490173593516118
1.86698338611966
-0.573036784691024
0.886568831106738
0.368591235828318
-0.735392802018764
0.627456004198328
0.0465594372064247
0.70336402031943
-0.759257759176465
0.0338436762127687
-0.0338436762125973
-0.362598955843842
-0.0923076490414404
-0.245573610529856
-0.911814541785231
0.545962443587757
0.441304683251537
1.01161571663908
0.0194555349796595
-0.831334028789367
0.921287685216456
0.507332382971214
1.53725841251878
1.31716003937098
-0.931048334328114
1.4960179342132
-0.832650117230334
-0.893692469104274
1.29500676354301
