-0.194164366272386
-0.22146580758355
-0.165712603172267
-0.662208500666807
0.347240123107629
0.433404354296776
-0.323281343943789
-0.546822529359819
0.00444891122662749
0.268667219418287
-0.325462371204512
-0.132444100805323
-0.138894026027271
-0.549566115543591
-0.0792751094870283
-0.0723998247987261
0.363240415152656
0.109886230275791
-0.47018595751202
-0.153500689836449
-0.234598961241354
-0.204828699949082
-0.175799321091358
-0.645311438744057
-0.461441921831263
0.238489388493052
-0.0650089273505072
-0.38522511479282
-0.254388788931671
NA
-0.368144556479086
0.11903865301019
-0.223285977499394
0.0574665810005728
-0.234057853659472
-0.0782308546998891
0.67374774970557
0.0771392218513789
0.152145235856546
0.265693011996373
0.319114431285445
-2.03395804555464
-0.457385673949732
0.717202939561389
0.122563414513024
0.0670861737943946
0.489236826158102
-0.399040542661678
0.533748395845535
1.35554965806864
-0.482469040270185
-0.383788304116335
0.01874545651728
-0.354457109579885
0.271723328765845
-0.635383870783052
0.105428630907745
0.452651521940641
0.342589668516492
0.629687565044216
-0.0460097156309729
NA
0.0312123741963033
-0.0196840614526241
-0.270597303861293
-0.152381183884582
-0.376263025929328
-0.0341365905828424
0.110213141378011
0.883986558177767
-0.116311607354769
-0.146584942564427
-0.144727445477884
NA
0.101945903537128
0.477877089619028
0.268300006859345
0.297069167186415
0.426091202942983
0.0353950827999894
0.212805133096282
-0.0802508385050587
-0.0816097684327595
-0.161376038530952
-0.0184112075596587
-0.000867392565218505
0.104575775142897
-0.0515902909689716
1.81177256954205
-0.239094337553396
-0.0105665824451329
0.152756999151372
-0.276932367451608
-0.610433574161739
-0.496271494433277
0.0297581863487943
0.438239388765641
-0.483179941497593
-0.565430689574885
0.490195765279414
0.0339230300336819
0.108714951911551
-0.256903333833783
0.311425130093794
0.123084305257745
-0.0846900001690418
0.787816044796003
-0.303365795511965
0.102829745140093
-0.30538432113773
-0.190797269048914
-0.0820674347428714
-0.229074656318971
-0.307323395185598
-0.443201984973392
0.373352372242279
-0.0348591582925515
1.03644760369855
NA
0.231493602575943
-0.157244612935164
0.255259370503863
0.406143765000452
-0.853972110970847
-0.250500295992644
-0.964565365742942
-0.291782424218482
0.330090261690613
0.0590942350382608
0.145444884045902
-0.145390251297286
-0.137492602667827
-0.207715699719571
-0.439175440826519
0.0682098553103652
-0.145551808805142
0.290237066771625
0.501126179730839
0.0757541340757948
0.509864434519642
0.532740944439684
0.24891473629437
-0.269783824448965
0.297143951481835
-0.186835162094037
0.260344406040081
-0.757065090446076
-0.00243849025873466
-0.551364913500925
-0.328887380648647
-0.0458591775198629
-0.415012279651904
0.104808785021987
0.146822544535528
-0.0874128912402483
0.370541074219607
-0.321354587241281
-0.0229746757798921
0.499868762971637
0.0246125782646827
-0.362782632850791
-0.338534909355756
1.99375205958665
-0.36341710860296
0.0392537760050953
0.226775655312856
-0.00637756538256795
-0.550055537532375
-0.24954756332618
2.17506827801947
-0.836909064502649
0.872841128968985
0.348997536553319
-0.567111728421049
-0.419891947962665
0.101786315517947
0.127593789691158
0.238391427909258
-0.0285930758766
0.151167253788387
1.35811807200008
NA
-0.0741590564074208
-0.123455782048292
0.353038127185329
0.126654427727855
-0.144583077569773
0.581162592579872
-0.0828212756522788
0.380432906818212
-0.190895625046565
-0.609251057067982
-1.17352562384094
-0.514654311794825
-0.168575226508623
-0.77588710956084
-0.772752796603683
0.754648393849877
0.261037720750018
0.331520217318777
-1.6558055118951
-0.316805261219861
0.32563737332725
NA
-0.672595433646649
-0.188107560421226
0.152831522082097
-0.496238204659534
0.146449986369304
0.135486373685192
-0.160069400692484
0.33897712078168
0.214211957544637
0.149622924062509
0.0410810616329664
-0.385339302888897
-0.163039867557354
-0.729326545763058
-0.195091513373335
0.297057735290934
0.0426580649222137
0.255858281899147
-0.41511363606819
-0.0486584200154248
0.664968108356854
0.392535228399144
-0.193337869718182
0.553027828458024
-0.0334424631034542
0.573531886655928
-0.0839272138349463
-0.100947876751238
0.164761486437069
-0.176615403095244
0.0390608510510084
-0.10013853227986
-0.537832234690001
0.537832234690031
-0.287837106776049
-0.315404162359338
0.122369614003983
0.145005327696339
-0.454122949658199
-0.399051241475551
-0.235387001692605
-0.513093996679119
0.0805657548651801
1.10312655325266
0.503552998755445
0.149449516810046
-0.265216298672901
-0.115874107977546
0.149391883343515
0.00726594158260241
0.112617130247452
0.799698342216601
