0.240868680008437
0.240417549656467
0.238256475382172
0.24934588654649
0.241699009244717
0.245718433906473
0.244049048937955
0.254667305415501
0.238182341040912
0.240256628128369
0.242598036637111
0.239056033460837
0.238889646516154
0.244327101397166
0.238499624441781
0.238455567200946
0.244889755571111
0.238569196572438
0.247460650470432
0.239277727741223
0.239588918766619
0.240121606923512
0.239279363205334
0.245020834987253
0.238890853688562
0.238626956472431
0.238351194045941
0.244890359566583
0.241359875982321
NA
0.24395756719706
0.238547228278954
0.241023922732904
0.238353945669265
0.240109221560397
0.238434058566166
0.240228695067169
0.238390693159363
0.239368442596859
0.240817537557465
0.242773780140301
0.243158205289869
0.246118428909004
0.239078718599881
0.238275552889365
0.238394868991783
0.245906539717276
0.243598285554873
0.248331593648975
0.247897302249345
0.245659850493263
0.242862354172645
0.23820003657256
0.244145534887139
0.241503361748996
0.251412484813126
0.238336353547169
0.24452043130402
0.241922233266124
0.256525506035694
0.238271008872362
NA
0.238228924493204
0.238200108992854
0.23893722984156
0.239244787038275
0.243902169038432
0.238235679178011
0.238307512899501
0.244651226550939
0.238895065147247
0.23871873074656
0.238714875748099
NA
0.238609994264903
0.238580102125397
0.24106821020009
0.24124844932973
0.24714050239393
0.238224499797265
0.239911103506677
0.238376605753253
0.238515048857899
0.239191279570016
0.238189603133142
0.23818204211468
0.238436535137227
0.238322052101017
0.242758182381596
0.240996265142851
0.23818650952767
0.239085224360991
0.241049872295326
0.251211477470898
0.246054212096254
0.238201691320208
0.246859472254491
0.248797836707713
0.249342124544477
0.246661727133687
0.238234814113154
0.238584760410083
0.23965297215915
0.242576982126266
0.238827633794816
0.238467333911638
0.245193514540638
0.242479704620289
0.238677553799278
0.241411045039458
0.239463408648196
0.238501467079706
0.239503665750748
0.240385283030202
0.247459059055152
0.245042003118539
0.238223443081189
0.244605525944615
NA
0.24095591692843
0.239473737970598
0.239311160639306
0.241303105738674
0.254958717641774
0.241237815301516
0.239035759974352
0.242316650177333
0.240564167672396
0.238209943006065
0.238947817165164
0.238951623519405
0.238866097800078
0.239701733882342
0.247651510717027
0.238339307698893
0.238516878037689
0.239461485086502
0.241243258488156
0.23831876756937
0.250995486930277
0.247147264526574
0.241413416135385
0.241744992577394
0.240361521201485
0.239929016510191
0.241421157243177
0.239175795597377
0.238182294236414
0.24574198556717
0.241103636916999
0.238281928740299
0.238787066465057
0.238342660757787
0.239001620455798
0.238546310504041
0.244937375959036
0.239764890798627
0.238203017212418
0.247056816894675
0.238193011892746
0.243048539303495
0.242407883694695
0.241728152809292
0.243797706398354
0.238249571023388
0.240915998655279
0.238183715362278
0.244031032975974
0.241446030290399
0.242314848570757
0.244162355125763
0.246286957762895
0.240084709186535
0.251766700433692
0.243835078636775
0.238597099005658
0.238399247439483
0.240588410100173
0.238218284748479
0.238581858484643
0.247760990163505
NA
0.238343752453624
0.238461425242572
0.2419147543905
0.238862202503249
0.239092374152367
0.244799923352516
0.238349939660374
0.244638639030106
0.238526690116611
0.25064132540992
0.248619902759208
0.247034071066418
0.238314033725709
0.262252402848959
0.265721762794246
0.255165477705369
0.240400579829269
0.241720159240914
0.240652212602847
0.239286085267995
0.243191562720554
NA
0.242751915289217
0.239070159038515
0.239417328369804
0.240721442910883
0.238959751906901
0.238936332607766
0.239269411207897
0.241499230070023
0.239160389508915
0.239096028194349
0.23824324399735
0.239201361525202
0.238777327428266
0.239101544139255
0.238681553431689
0.239154012783387
0.238232897526018
0.244481688985339
0.246420574147806
0.238286889207685
0.241686958768144
0.244845560172333
0.23977568565263
0.251440656554055
0.238238643907327
0.246030057854958
0.23844231131785
0.238435391462835
0.238970359088301
0.239205998967632
0.238238112692948
0.238601930665443
0.239796593732488
0.239796593732489
0.24103579830253
0.240233100844456
0.238673987929063
0.238621384443226
0.242025144371113
0.241229229067608
0.239885974469804
0.248710291257873
0.238506523370561
0.27097351516738
0.245672489838114
0.239005016316549
0.23899567413055
0.238758891815091
0.239100451462303
0.238184134148692
0.238757206280711
0.240968396029247
