0.28634223475824
0.276377660229624
0.292278605088849
0.277807827263774
0.282776526346012
0.276614498741171
0.278048276460684
0.278206823063545
0.276899097471077
0.277611291821235
0.27644300613653
0.276738716385468
0.285383238418788
0.282138168171314
0.27632525977107
0.27702959914506
0.277106423422662
0.277066200372853
0.276325258367209
0.276456840798569
0.278262177724609
0.276469751592029
0.276543977981021
0.278228696297508
0.282179450993244
0.278728623579336
0.276348646616485
0.276460510653704
0.283207748706467
NA
0.278639140500927
0.27737309020622
0.27636140332159
0.279906573801781
0.277794460800556
0.277225072548616
0.27784952249544
0.282984150679392
0.279277636956353
0.277567898542856
0.287018421694541
0.27699779218253
0.276762719843629
0.277179324185026
0.277170933173107
0.278795370712082
0.276632218836386
0.276368016289677
0.276355261374509
0.27632725564367
0.276732151658568
0.27634177134904
0.276912887453409
0.276326478424351
0.278722144731705
0.277301678016956
0.277451981902581
0.2763439407897
0.276590769243587
0.277296726903551
0.283408586876766
NA
0.27636196785518
0.27633069393885
0.277342648518959
0.286375217125002
0.276352881332527
0.28285027881435
0.288155068630012
0.276387693439445
0.279218910706909
0.277254896012951
0.278173550752861
NA
0.279744132814944
0.278714313227991
0.276372792584376
0.276408437179655
0.276720387798872
0.2763260672397
0.276339969040738
0.276429928959866
0.281728741036499
0.276691800354435
0.278138113097121
0.278062294866255
0.278241496409182
0.289072881495001
0.276341424635345
0.281236270313948
0.276404003233893
0.276563789286819
0.276417857576813
0.276413190093521
0.276373513826105
0.276807173194302
0.286084946254614
0.28444317471085
0.276495849635376
0.276379212979509
0.276946942468768
0.276391635518551
0.276324248490939
0.282852822253636
0.278621915746265
0.280735941884652
0.28012144624771
0.294173662444473
0.276369935576064
0.277529979272108
0.277399749570084
0.277157684739354
0.277907695425344
0.276664153610678
0.277503702340188
0.277190235240299
0.280198591589834
0.278447177639121
NA
0.278027776237895
0.276913765736867
0.276413915534318
0.279523182888367
0.276512216897188
0.280611020537041
0.27642862015731
0.28126591815816
0.279117173607285
0.276663006317688
0.279184511737699
0.279663047095806
0.279447966669652
0.278573026237014
0.280712104499384
0.281758007005089
0.285649561446965
0.287911185028887
0.276442037945509
0.276592283322859
0.286436282578782
0.276364218396223
0.281719854621035
0.276368508425666
0.280841501137025
0.280332332805704
0.279131476111547
0.276920460342224
0.276367098569956
0.294253433946734
0.277100982055649
0.276325650528978
0.283809309866765
0.277462726257064
0.282984740452122
0.280953512736395
0.276326623090146
0.278417331824451
0.27677066739389
0.277838382700263
0.276987751631677
0.277000815095211
0.282419151310828
0.277221355380936
0.284781668743649
0.276785011915443
0.27847828262052
0.277101918048599
0.282515730641435
0.278883436540362
0.282204958112111
0.281444087552437
0.278388332631947
0.28659390773899
0.280890916423697
0.276745862694338
0.276972135041656
0.276350722764878
0.276734666134935
0.276326565693939
0.276635609585194
0.27637876226273
NA
0.276435296284816
0.279346641358168
0.28136881358898
0.277256454442938
0.276418722562902
0.277223501525403
0.277015027624812
0.278426680678154
0.277107497399728
0.277995961001619
0.278220028815305
0.276326269256021
0.280208285213006
0.278003299085405
0.276407878696083
0.276327091694834
0.279569733510858
0.277479891687369
0.279805725038362
0.276361542824701
0.282565159940377
NA
0.27761520952685
0.277558711255341
0.288937281604384
0.30444347362293
0.279273295181582
0.276324244539213
0.278750553527895
0.276324239229353
0.277605942161469
0.276363216767063
0.277186761402334
0.278515818490012
0.276703646977092
0.276351291310731
0.277705022382283
0.277141144905913
0.276494051995308
0.277488612275009
0.277323712682915
0.277323454854262
0.277029231137161
0.293616866524227
0.276954228701008
0.285463598509128
0.277185230736815
0.278385151057823
0.27668046254625
0.277742228807512
0.277356526574426
0.276329921039102
0.277621402150155
0.277835755434981
0.276327240327042
0.276327240327042
0.276668974203083
0.276346578484259
0.276482361285509
0.278504194321508
0.277105793774413
0.276834873779539
0.279007517630643
0.276325229566197
0.278136353362943
0.278549726218381
0.276999107073334
0.282520483811245
0.280873196253327
0.278597132229923
0.282192486247699
0.278142095442487
0.278418403269653
0.280721465432828
