0.379535221844385
0.0359534031000035
0.501740027606273
0.91739099458496
0.519910833102977
0.493266108964134
0.493289068428382
0.784055739932715
0.439436883769921
0.60735547590998
0.607355475909488
0.650283652028665
0.631500075142941
0.219424402609037
0.108213917027442
0.0226827331827249
0.750300267900393
1
0.39629738993785
0.00128032773894181
0.00530953550987065
0.616294305754215
0.975867820098086
0.02035868610134
0.0149007639508074
0.266551859630071
0.344552880980748
0.0582054574402237
0.0250569096391783
0.881376147002378
0.69431693409063
0.466686252612228
0.235318048723724
0.322391743807538
0.668903317921145
0.27073190572236
1
0.102256930097012
0.0249132136012727
0.87503843483577
1
0.719410061513936
0.431582924565933
0.0994761323298613
0.467642024724057
0.458458917007726
0.331436211339727
0.85887453864737
0.689182417823612
0.117709542473293
0.621190502979923
0.683693774455979
0.683693774457132
0.224176267273088
0.401227822215074
1
0.0553412288938869
0.205572509194807
0.788326696596079
0.444623543207522
0.834950215866003
0.850633697954557
0.25561425289446
0.928463879916611
0.748684842247433
0.238016702728347
0.47181648830865
0.830507659203238
0.145694112714394
0.63417264848264
0.75251326189875
0.690089797736944
0.530333787017609
0.13704051882702
1
0.109675423960644
0.0355461890430439
0.136742439800338
0.174832693451433
0.215316382151264
0.665495807878236
0.149252281100634
0.965988830167143
0.244080755114024
0.619514260617453
0.472888453089312
0.0858953002802436
0.286691541722254
0.35476480194352
0.184590321020368
0.128942903288444
0.421189469374687
0.491911313341544
0.393116069721311
0.325046312846218
0.357333946282123
0.250346380285341
0.115299773920168
0.249375773288785
0.669844730428425
0.532535285772329
0.547945641521641
0.719668384075288
0.901659594183003
0.169728570045192
0.198186900126317
0.195715949208246
0.373304819793844
0.569691198108728
0.463999696274444
0.934563962457025
0.420565800347536
0.893446064436597
0.0446879442169287
0.00600304580839634
0.502389613003556
0.870289640922945
0.280413377579944
0.353568155459186
0.231722702657886
0.567408556564359
0.6056477974628
0.0226946585123877
0.518274275219787
0.574633800874972
0.7115082649386
0.459370325429456
0.616251860504339
0.308673774110015
0.329962539015477
0.773521006477776
0.875776479387939
0.505370398251349
0.954840641394706
1
0.58448421659751
0.147824631957154
0.730505385107729
0.566018178340104
0.251094047469123
1
0.618876135437161
0.992571468298128
0.841235004968631
0.813297238470355
0.434834538181719
0.894792436860658
0.608054187779369
0.809362859644516
0.587852443326642
0.418396899771668
0.418396899771351
1
0.306715918788739
1
0.342350653025184
0.7459787943917
0.5975386404606
0.213963305018747
0.790260954977128
0.715469361004569
0.202739432437833
0.393098708454401
0.781191852339324
0.774038893563799
0.418057705235158
0.328994734305128
0.216723568200996
0.224817758474525
0.507301622919402
0.91438202481616
1
0.68544708825201
0.859152044351107
0.918137613350541
0.275167800173945
0.268913064215
0.393932447851913
0.251542114429996
0.391634997847123
0.452494318071637
0.889368119137277
0.577467832227041
0.444304270143595
0.349691285553979
0.288367961052201
0.887776404801663
1
0.174307602500652
0.321819075386867
0.716658280128793
0.520619206951368
0.54356379574552
0.354440390537338
0.424525561710714
0.628750877265286
0.598569354994936
0.598569354994936
0.15291437873523
0.730724036883066
0.59405996506494
0.616867858653189
0.158050538794016
0.108402694510495
0.493170783518602
1
0.258671439079021
0.702599817834899
0.691274791650494
0.00906393228652983
0.139635771703865
0.149216820327514
0.570915937966161
0.209656786170168
0.213251432561373
0.93890248780949
0.935977383125545
0.0610592859629001
0.423685123932447
0.464331931652503
0.0122933793142619
0.00205444135283808
0.718328128209981
0.122893722253334
0.880627347215095
0.807503690322821
0.335105375002354
0.432060783610363
0.953306778156012
0.63701016507188
0.387835270939733
0.702104931994256
0.285798411660165
0.672567842451865
0.940551213158665
0.714018979872283
0.177560142005137
0.956761828213643
0.808705828136772
0.635516095016676
0.304724985764098
0.994991799128316
0.454532787318632
0.143432551394619
0.177054858868018
0.203675707096952
0.148429209679146
0.673224905261124
0.370772286840377
0.143845057096127
0.423464267977256
0.833793533252833
0.877854643826756
0.112827159898252
0.452565223864875
0.788922711116492
0.598409064858801
0.250568375532704
0.188477226227605
0.689522071696319
0.411807765060437
0.296775004565025
0.7496148466415
0.0962947358117091
0.000798456429510669
0.565623606616864
0.886828048278509
0.45015064752368
0.912948501660994
0.687199270354067
0.882577460942152
0.929278039694924
0.599537098735502
0.35570933577987
0.662336177812234
0.352846050296728
0.396892189700149
1
0.787723059786372
0.774273843885686
0.515685903103808
0.0312653266844378
0.704435659420005
0.392876761101685
0.214421331488878
0.49234639642769
0.912384939465888
0.63495350429849
0.960246368295771
0.598119850581937
0.344545514903736
0.585220785552684
0.100687806470167
0.190997171857846
0.368876205775182
0.87456888347654
0.836479161101497
0.102826708266163
0.187952462302354
0.964106078451067
0.64466939457449
0.540323452513566
0.162847910110879
0.171219037164182
0.851524278499371
0.31701593348784
0.945350031861249
0.744022333546923
0.719848157318765
0.571280044836885
0.64759489088934
0.299120547720287
0.335154607364462
0.921673112855867
0.876795289312186
0.215225081023267
0.23833580986246
0.456822101665906
1
0.2383358098624
0.253632342661726
0.919679695756056
0.00458903865184575
0.242225390430825
0.426043157525706
0.0248065146278412
0.419430093881619
0.994597063343979
0.700301199102175
0.789416706130487
0.509502511536322
0.460673536584787
0.137213522478574
0.870197868633093
0.515299924315888
0.52816259512827
0.0710163261410451
0.201209805366421
0.580341571494778
1
0.335627046068753
0.176904138182208
0.0610431002297785
0.603286105601006
0.2514456841043
0.438254917758574
0.0917235363491075
0.425346422456038
0.589387413067093
0.575026806650691
0.0504555334516745
0.904940776563752
0.0238504528047078
0.654815529831422
0.390289670320858
0.695160999434178
0.569915280448717
