0.28494623655914
0.238351254480287
0.293906810035842
0.433691756272401
0.482078853046595
0.0573476702508961
0.139784946236559
0.182795698924731
0.458781362007168
0.025089605734767
0.025089605734767
0.351254480286738
0.25089605734767
0.089605734767025
0.168458781362007
0.476702508960573
0.0824372759856631
0
0.439068100358423
0.0967741935483871
0.0645161290322581
0.318996415770609
0.453405017921147
0.308243727598566
0.35663082437276
0.0609318996415771
0.0609318996415771
0.336917562724014
0.0860215053763441
0.0752688172043011
0.182795698924731
0.164874551971326
0.182795698924731
0.193548387096774
0.017921146953405
0.413978494623656
0
0.0394265232974911
0.111111111111111
0.297491039426523
0
0.121863799283154
0.491039426523297
0.21505376344086
0.236559139784946
0.424731182795699
0.0913978494623656
0.345878136200717
0.0824372759856631
0.259856630824373
0.397849462365591
0.00358422939068104
0.003584229390681
0.326164874551971
0.318996415770609
0
0.0824372759856631
0.405017921146953
0.136200716845878
0.240143369175627
0.00358422939068104
0.100358422939068
0.401433691756272
0.0681003584229391
0.0609318996415771
0.216845878136201
0.243727598566308
0.399641577060932
0.10752688172043
0.301075268817204
0.410394265232975
0.14336917562724
0.0716845878136201
0.014336917562724
0
0.125448028673835
0.0573476702508961
0.127240143369176
0.290322580645161
0.121863799283154
0.017921146953405
0.370967741935484
0.335125448028674
0.383512544802867
0.0752688172043011
0.317204301075269
0.455197132616487
0.474910394265233
0.0860215053763441
0.471326164874552
0.482078853046595
0.344086021505376
0.0716845878136201
0.046594982078853
0.0752688172043011
0.397849462365591
0.424731182795699
0.437275985663082
0.003584229390681
0.03584229390681
0.35663082437276
0.362007168458781
0.299283154121864
0.159498207885305
0.057347670250896
0.421146953405018
0.161290322580645
0.068100358422939
0.433691756272401
0.426523297491039
0.0645161290322581
0.00716845878136201
0.367383512544803
0.0394265232974911
0.220430107526882
0.10573476702509
0.349462365591398
0.412186379928315
0.43010752688172
0.412186379928315
0.46415770609319
0.397849462365591
0.017921146953405
0.168458781362007
0.397849462365591
0.451612903225806
0.405017921146953
0.412186379928315
0.0609318996415771
0.129032258064516
0.301075268817204
0.245519713261649
0.24910394265233
0.265232974910394
0
0.0286738351254481
0.129032258064516
0.161290322580645
0.336917562724014
0.03584229390681
0
0.440860215053763
0.381720430107527
0.329749103942652
0.379928315412186
0.21326164874552
0.0663082437275986
0.453405017921147
0.243727598566308
0.240143369175627
0.039426523297491
0.0394265232974911
0
0.0931899641577061
0
0.111111111111111
0.164874551971326
0.342293906810036
0.111111111111111
0.032258064516129
0.078853046594982
0.372759856630824
0.17741935483871
0.0716845878136201
0.03584229390681
0.324372759856631
0.419354838709677
0.406810035842294
0.218637992831541
0.354838709677419
0.329749103942652
0
0.458781362007168
0.449820788530466
0.396057347670251
0.419354838709677
0.247311827956989
0.229390681003584
0.200716845878136
0.292114695340502
0.381720430107527
0.00716845878136201
0.345878136200717
0.347670250896057
0.275985663082437
0.0734767025089605
0.471326164874552
0
0.21326164874552
0.014336917562724
0.480286738351254
0.103942652329749
0.155913978494624
0.426523297491039
0.293906810035842
0.207885304659498
0.10752688172043
0.10752688172043
0.021505376344086
0.433691756272401
0.379928315412186
0.376344086021505
0.295698924731183
0.152329749103943
0.112903225806452
0
0.43010752688172
0.164874551971326
0.329749103942652
0.351254480286738
0.129032258064516
0.191756272401434
0.0125448028673835
0.114695340501792
0.421146953405018
0.112903225806452
0.032258064516129
0.0501792114695341
0.363799283154122
0.444444444444444
0.154121863799283
0.129032258064516
0.103942652329749
0.206093189964158
0.025089605734767
0.259856630824373
0.381720430107527
0.405017921146953
0.0537634408602151
0.240143369175627
0.261648745519713
0.0537634408602151
0.243727598566308
0.412186379928315
0.387096774193548
0.259856630824373
0.422939068100358
0.21505376344086
0.00896057347670254
0.406810035842294
0.347670250896057
0.236559139784946
0.467741935483871
0.028673835125448
0.032258064516129
0.032258064516129
0.487455197132616
0.426523297491039
0.388888888888889
0.17921146953405
0.258064516129032
0.164874551971326
0.172043010752688
0.039426523297491
0.0752688172043011
0.365591397849462
0.347670250896057
0.401433691756272
0.247311827956989
0.412186379928315
0.0860215053763441
0.39426523297491
0.0860215053763441
0.218637992831541
0.376344086021505
0.150537634408602
0.193548387096774
0.0645161290322581
0.032258064516129
0.043010752688172
0.326164874551971
0.335125448028674
0.362007168458781
0.274193548387097
0.089605734767025
0.32258064516129
0.327956989247312
0
0.148745519713262
0.146953405017921
0.209677419354839
0.460573476702509
0.241935483870968
0.195340501792115
0.39426523297491
0.458781362007168
0.14336917562724
0.455197132616487
0.114695340501792
0.401433691756272
0.121863799283154
0.0842293906810036
0.308243727598566
0.0232974910394265
0.415770609318996
0.204301075268817
0.172043010752688
0.440860215053763
0.157706093189964
0.315412186379928
0.279569892473118
0.336917562724014
0.254480286738351
0.252688172043011
0.132616487455197
0.0949820788530466
0.224014336917563
0.396057347670251
0.446236559139785
0.043010752688172
0.297491039426523
0.275985663082437
0.039426523297491
0.283154121863799
0.204301075268817
0.290322580645161
0.272401433691756
0.00358422939068104
0
0.272401433691756
0.261648745519713
0.111111111111111
0.195340501792115
0.127240143369176
0.0394265232974911
0.268817204301075
0.0125448028673835
0.435483870967742
0.333333333333333
0.39426523297491
0.338709677419355
0.327956989247312
0.032258064516129
0.032258064516129
0.057347670250896
0.025089605734767
0.172043010752688
0.243727598566308
0.252688172043011
0
0.161290322580645
0.0931899641577061
0.224014336917563
0.028673835125448
0.376344086021505
0.263440860215054
0.224014336917563
0.370967741935484
0.451612903225806
0.419354838709677
0.1415770609319
0.422939068100358
0.0967741935483871
0.0609318996415771
0.227598566308244
0.444444444444444
0.374551971326165
