0.088532310513088
0.648874619883355
0.183274419773811
0.028247470528445
0.172300628009454
-0.382524448822205
-0.239839294260342
0.0959303773006326
0.203625078935097
0.37411497737861
-0.374114977379122
-0.0729598118584036
0.151828648667571
-0.564669646284386
0.54324750221765
-0.663395920371688
-0.145757337814381
NA
0.162446433709729
-1.43580356171526
1.43559473195789
0.149643562525327
-0.00803510048122114
0.647541697285549
-0.711789087228599
-0.530570978654808
0.501127713308137
-0.489388811981602
-0.945911347240877
-0.0568947818761103
-0.141382320147745
-0.270106525718702
0.427757579518374
-0.321575412463626
0.393631856998809
-0.280824375313892
NA
-1.10470249968479
-0.916059837121452
0.0428666822601542
NA
-0.127690373808456
0.193262576522128
-0.49154355556124
0.205043439456258
-0.185925611108935
-0.420600777555407
0.0461569379672238
0.181166195088985
-0.45312596296382
-0.126705964564527
-0.759522330721779
0.759522330718819
0.331479407000447
0.229057403712305
NA
0.83197406742923
0.313850570870536
-0.0921223572779652
-0.232651260778102
0.364185653337017
-0.0767499791053581
0.275326304922685
-0.0425189027506314
-0.160341312406061
-0.32674401924289
0.222256302771786
-0.05440989779372
0.52676670153938
0.130879038493816
0.0776026249787991
0.13541777299127
-0.295030955254019
1.39677660576854
NA
0.559534838602171
1.10257541181435
0.5480746275855
-0.369934788975285
0.41112217563817
0.373835024210068
-0.385305067797191
0.0121791416963024
0.291250732037341
0.185071396619811
-0.203172703767599
0.448771794877132
-0.253759385725623
0.414824311650399
0.352244083334089
0.407806162321563
0.208683973274704
-0.336030556198637
-0.590619107913113
-0.502586444251115
0.143058845858296
0.295236019930947
0.411638546105879
1.81718159179129
-0.279353575295998
-0.163795865869167
0.160310894938454
0.0993239424917753
0.0473255794322567
0.738990105354134
0.336868924290901
0.451576034270861
-0.430677533274334
-0.142988911031959
0.181717783642974
0.0596391031875871
1.54097890972682
-0.0343762100483485
1.47366338958008
0.794982152901887
-0.115474717494837
-0.0246859458989164
0.138567578586471
0.122148019850036
0.157589647871949
0.141007103549621
0.129095821640108
2.81636816920241
0.216996664110056
-0.0733484852484214
-0.0478144476158261
-0.0951383202326933
-0.066270560141156
-0.142300486865315
-0.111406036558172
0.0795934714572519
0.0456976067255281
0.201511784475862
-0.0163848978718493
NA
0.376251576882993
-0.583155188045829
0.117029480977496
-0.154500362354723
-0.754741432336743
NA
0.132330023973346
0.002415655106768
0.0586231145469132
-0.0606005466910364
0.248909455719321
-0.0743008518857584
0.0552547267893755
0.0726005716987705
0.159503906824777
0.479248948356951
-0.479248948357281
NA
-0.461537456893545
NA
0.363179130343217
0.106480288723176
-0.160233811555159
0.47013196736237
-0.181775006614686
0.158009110930507
-0.151416184665878
0.106346390751041
-0.125561750412615
0.208562203717754
0.224159779264406
0.255936140931581
-0.318340520588261
-0.142678012206558
0.187913787307131
-0.0291876524616441
NA
-0.0433419321838366
0.0447404528015571
-0.0256213802695644
-0.279926774170492
-0.120599439061894
-0.10031335271612
0.135247158809419
-0.230797134803495
-0.192020338911827
0.239106270350828
0.112827933736776
0.0870948276757937
0.0598812879368078
0.145970658194817
-0.0388225552288315
NA
-0.414667296625012
-0.720132583077174
0.0869696112392511
-0.243241715608221
-0.209518710247213
-0.226036062710308
0.226075860411215
-0.130263582810763
0.211620587825338
0.211620587825338
1.52104952764333
0.0384701115362263
0.0588274912833144
-0.0577478046436525
0.152561114612814
-0.184215114292449
0.285063945432711
NA
-0.270275215582361
-0.12591715882979
-0.100084371490749
0.681187331409435
0.577835985786972
-0.411567329502184
0.784346896191664
-0.45914791699201
-0.329933266438179
0.010608338016044
0.0572854433681633
0.868582496661063
0.0837746434565223
0.0831795623056788
0.804110726381342
-1.1734101273383
0.0419335059752628
0.454162176371028
0.118833234213771
-0.0701632617298689
0.108547322848332
-0.204828716433584
0.0332369258996459
-0.14202447440363
0.265680645936722
0.175983677237884
-0.128875958177384
-0.106638972508481
-0.018218177024492
0.0415955292867487
-0.348967236971058
-0.017311738336975
0.352972319221294
0.0508142216321774
0.114928368125768
0.00193750385498959
0.207242422394916
1.10479681431187
-0.865822526475367
0.890920382523512
-0.385796469668719
-0.100251375453505
-0.219959000625527
-0.483114843333693
0.224615922334078
0.0747581179650609
0.0499955897447357
-1.04070388757259
-0.359652722385569
0.0636104248115066
-0.141400914946438
0.267605428968827
0.372198157268794
-0.108042543262529
0.119737419090702
-0.261554456182671
0.138491915457173
-0.531780265523824
-0.921262167919975
0.195495186601907
0.0375679754338751
-0.167446511755733
-0.025476961006444
0.256807776258796
0.0263321145165856
0.0147855710418181
-0.108969683435462
0.186005864302114
-0.182391287614792
-0.183321631542733
-0.166485108982359
NA
-0.0615775861854768
-0.102415780374493
-0.198560358027134
0.53760110940922
-0.0813890969603737
0.184839160881857
-0.32937343309384
0.0901876921344149
0.0380888163563533
-0.121098975869288
-0.0201271436527106
-0.133805546664258
0.352918138478493
-0.269906418406508
-0.462196446508504
1.10567087265044
0.237340337080458
-0.0514769778593696
-0.0682284341151504
0.391150923218754
-0.192701803710762
0.0118657572946743
-0.131178606051022
-0.161893224605933
0.406376811925306
0.399732088426847
-0.0701498385508801
-0.0964255692423319
-0.0203851844325946
-0.088134276355663
0.0989065827793851
-0.370400718114283
0.124198921752873
-0.23991519158723
-0.600182606668853
-0.026117572559885
-0.049380400665461
0.354406049496941
0.314315289043257
-1.37777225652837
NA
-0.314315289043297
0.307997047782557
-0.0403580753237733
0.956268546353081
-0.4650264009883
-0.541464602374475
-0.638831431363179
0.827474036912928
0.000765494320263654
0.104317952236207
0.0298089744060612
0.158519962668676
0.0848301329188059
1.34338803306051
0.138411664645218
0.0770014359619777
0.467294949776743
0.694054489519317
0.401774648420059
0.162290740785519
NA
-0.35627447875017
0.660141302806963
0.612863952532074
-0.335341382992601
0.305891640917036
0.0659877249950451
-0.52370994105641
-0.108953787971916
0.0666344079346102
-0.070188717719122
0.727542501960732
0.0127863721874961
0.845891317209861
0.226597096406278
0.302165188103622
0.0999175891545221
0.146669667005332
