-1.27958612669572
-0.99458815985231
-0.272660072636647
0.0858019439036042
0.430850404160518
5.00774898185268
0.879820994457811
-3.8467286089736
-0.930999385851525
8.03715167916165
-8.0371516791617
-0.817680658650167
1.24220895199224
0.182821242749753
1.74220565619658
-3.14699895872256
1.83239021430111
NA
2.0839467526734
1.45537949520949
-2.68959986034167
1.16359578335217
-2.06042120844301
0.358525335835363
-2.01571620815221
-4.36810277068426
-2.8086907684843
1.66530940288111
-2.37630014241207
-0.168616449339936
-0.142986414500179
-1.03441000410372
0.513236412409647
-2.39255501881864
-3.45351731184422
-1.64060260177239
NA
1.97646229767406
-2.40426519280186
2.36762264107667
NA
-1.91043645983216
-1.17091780700303
-1.85437998550457
-0.231054870332652
-0.148567132217696
1.31004034775339
0.961216834609392
-0.93629282657177
-1.36759286919846
0.390116387652808
-4.06093709703373
4.06093709703409
-0.775896850428087
-0.428110252827544
NA
1.62472033594095
-1.09519195882456
-1.86927645387119
3.5999827504396
14.2431934346153
-1.37471264314183
-0.88942110371655
-0.362588301915104
1.20512338356382
-3.21727585101849
0.958496297659746
0.364774771079508
5.27889382994734
1.58832870407561
1.79605007838827
1.35394050671369
-1.94835853465246
2.28611263908016
NA
2.04362038945447
2.20613452546666
3.97609671395468
0.8333614384673
-0.604472852239076
0.740371861397391
0.843412326877718
0.702456604606674
-0.861868801250214
3.88129641409697
0.386646399566498
0.968082178981833
-0.417278579429434
1.3219194368094
1.10642984988217
1.15325742799489
0.790610533591124
-1.1538193060083
-7.21309121484757
-6.78934570495942
1.00273845339554
2.32175157219021
0.00222249332890279
3.02725765775924
0.458446692385123
0.806218846635403
-0.823505133827123
1.94777806549063
-0.772574001482558
0.879813531617387
-2.06870734228487
1.5603857628904
-5.85911440074941
-0.958276246005665
0.979344554291062
-4.54084269212277
-4.08694665596483
-1.05698220415878
3.70412192326407
-1.0163819204267
-2.92500616652984
-1.61575846141055
1.88385690122165
1.73074346146887
1.60846673877743
-0.96955209903134
1.90012226219547
6.78309778430071
0.0590549281760318
-0.667380250469146
-1.32050645222985
-0.19410915044157
-1.45265298583834
-1.85383859259791
-2.04323865998592
0.0649772429933915
-0.402862572995295
1.55721688259807
-0.908841791750941
NA
2.25076795715611
0.822722792976438
-1.61575104716034
1.67786828717465
-1.72756928295733
NA
1.24558719848493
0.197159668904074
0.687395689355192
-0.211172955005548
0.979375436245244
3.97660397026544
1.50888239504934
2.61077417476067
2.71589615081569
-3.15824635705366
3.158246357054
NA
-0.825742619588329
NA
3.0628768653952
-0.0801710902992099
3.30951215552005
1.0611887303881
-4.90656554696369
-1.09667300868944
0.72209087341629
1.17862604334161
-3.31073588897402
-0.111715333429991
0.66165901931678
2.08402214129631
-1.57415137025441
-3.57091557314673
-0.186566030063034
-0.0240841151158548
NA
0.389500461461218
-0.692922178580417
-0.332808386307686
1.64101081271448
-1.40007596671397
-2.70855019424758
1.40876017708371
0.534268916646267
-1.36846361580517
3.66480432093108
-0.245833062206444
-0.296653693781138
-0.195576157131693
0.45942123939281
-1.92150584076679
NA
-3.44245009001791
-1.47374615218342
-0.137923967405941
-1.65356138198643
-1.76210090674368
-2.00985101054171
-0.224417649787512
-2.00733588501421
-0.350654030553097
-0.350654030553097
-2.78064423005709
-2.32554484811948
-2.25368928239449
2.24324540657098
1.27122102379934
-1.75717896260371
-0.584152321490212
NA
-0.641546904541181
1.11873997793741
1.30736357554
0.471837041805427
1.46906977470461
-0.42173926578824
11.3632705670728
-2.10919815476924
1.54074458322663
1.24781290921685
1.87500473695597
2.4947075447712
-0.546795156760492
0.538192139102534
2.43638595999673
-1.85529269250806
0.294381895788192
1.69292044191891
-2.12096384687727
0.252308082471449
0.665835392359137
-1.13349092064483
-2.49955285087658
-0.277181119620389
-1.24995790679246
1.93848102404412
-1.57251309617136
-3.34839444687309
-0.115614325272414
-0.668703987523035
1.12486947860338
0.0430501971266111
-10.460091435022
0.0279401506207009
2.06017588414553
0.135294865134465
1.70682082030952
-1.18436528980635
6.90972383781394
-1.18060110770294
-2.37471271832781
-2.49972249302928
-2.66831387862644
1.14961074369448
-0.563902883792574
1.73113121892463
-0.680297288523157
-2.25583880647424
-2.27953603553506
-0.323732712259371
0.742205710879805
-0.0906390914611848
-1.22161084171496
2.41256553649423
-0.380227663408078
-0.855175748274215
-2.07675920055853
-2.67392754426606
-2.68634322427694
0.0450764410891322
0.671950617254716
0.33643500069099
0.655520847750447
1.44509969581011
-3.25945893412085
-0.0541746925117295
-0.758402570308128
1.47126557428726
-1.34999295069174
-2.18388832125496
-2.03016494165121
NA
-2.18735808186325
-1.31783600232257
0.22010965150136
2.05807348242694
0.603434690240672
1.41103337550802
1.14702456781954
1.96211328374052
-0.820228743526037
0.71426953247288
0.537357743430352
1.02811206719981
-0.207296960706216
0.201629361820343
-0.382839810273357
0.776981096284787
-2.33897452412863
2.0492300810618
-2.52017640506056
-1.17116016267351
0.565054934825861
1.3228676222499
-0.275758534500946
-1.89977566110338
0.845681079159132
0.454361527275157
-5.2620532544234
0.698472163675118
1.15563265718689
2.15325953168952
-0.868235067478217
-3.28880481407671
1.24814597787359
-0.650383670058978
-0.313862609935275
0.887023615636032
-0.691534695380938
2.11549009813876
0.435023565143954
8.83489139243056
NA
-0.435023565143941
0.264539304998667
1.50894614088918
1.68077017992047
-1.06328321405582
5.43284749374584
0.452182247543574
-2.23888501910057
-1.41778772802929
-1.25616124983898
-0.708088121421333
-0.783228254384404
0.84096324156495
2.14561181776861
-0.269532828507977
1.49322555884945
-7.4241316871379
2.50793064144975
-0.0937162150393789
2.48164121812681
NA
-1.83161933413694
2.13255705940685
-0.625109580680345
0.751765093609144
0.728914707544707
1.1778782432993
-1.58189190984079
2.45172454337246
-0.715279153384254
0.890401672549709
1.62168242485744
-0.580247038192461
0.307807590006669
-0.359696285767167
0.728429914303135
0.786196203891462
0.280096826402429
