0.28804347826087
0.240942028985507
0.289855072463768
0.431159420289855
0.480072463768116
0.0579710144927536
0.134057971014493
0.177536231884058
0.456521739130435
0.0253623188405797
0.0253623188405797
0.351449275362319
0.25
0.0905797101449275
0.170289855072464
0.481884057971014
0.0833333333333334
0
0.443840579710145
0.0942028985507246
0.0615942028985508
0.318840579710145
0.458333333333333
0.304347826086957
0.360507246376812
0.0615942028985508
0.0543478260869565
0.333333333333333
0.0869565217391304
0.0760869565217391
0.184782608695652
0.166666666666667
0.184782608695652
0.195652173913043
0.0144927536231884
0.411231884057971
0
0.0398550724637681
0.11231884057971
0.297101449275362
0
0.123188405797101
0.489130434782609
0.210144927536232
0.228260869565217
0.418478260869565
0.0923913043478261
0.342391304347826
0.0833333333333333
0.255434782608696
0.398550724637681
0.00362318840579712
0.0036231884057971
0.326086956521739
0.318840579710145
0
0.0833333333333333
0.405797101449275
0.13768115942029
0.239130434782609
0.00362318840579712
0.101449275362319
0.40036231884058
0.0688405797101449
0.0615942028985508
0.219202898550725
0.246376811594203
0.40036231884058
0.108695652173913
0.300724637681159
0.414855072463768
0.144927536231884
0.072463768115942
0.0144927536231884
0
0.126811594202899
0.0579710144927536
0.125
0.293478260869565
0.115942028985507
0.0181159420289855
0.371376811594203
0.338768115942029
0.38768115942029
0.0760869565217391
0.320652173913043
0.449275362318841
0.480072463768116
0.0833333333333334
0.465579710144927
0.476449275362319
0.33695652173913
0.0688405797101449
0.0471014492753623
0.0760869565217391
0.398550724637681
0.429347826086957
0.438405797101449
0.0036231884057971
0.036231884057971
0.353260869565217
0.358695652173913
0.298913043478261
0.157608695652174
0.0579710144927537
0.422101449275362
0.16304347826087
0.0688405797101449
0.427536231884058
0.420289855072464
0.0634057971014493
0.0072463768115942
0.371376811594203
0.0362318840579711
0.222826086956522
0.106884057971014
0.34963768115942
0.41304347826087
0.427536231884058
0.409420289855073
0.46195652173913
0.398550724637681
0.0181159420289855
0.166666666666667
0.394927536231884
0.456521739130435
0.402173913043478
0.416666666666667
0.0615942028985507
0.126811594202899
0.297101449275362
0.248188405797101
0.248188405797101
0.264492753623188
0
0.0289855072463768
0.130434782608696
0.159420289855072
0.33695652173913
0.036231884057971
0
0.442028985507246
0.385869565217391
0.329710144927536
0.384057971014493
0.208333333333333
0.0634057971014493
0.451086956521739
0.242753623188406
0.239130434782609
0.0398550724637681
0.0398550724637681
0
0.0942028985507246
0
0.11231884057971
0.166666666666667
0.342391304347826
0.11231884057971
0.0326086956521739
0.0797101449275363
0.365942028985507
0.179347826086957
0.072463768115942
0.036231884057971
0.326086956521739
0.420289855072464
0.407608695652174
0.221014492753623
0.355072463768116
0.329710144927536
0
0.460144927536232
0.451086956521739
0.396739130434783
0.423913043478261
0.246376811594203
0.228260869565217
0.202898550724638
0.295289855072464
0.382246376811594
0.0072463768115942
0.346014492753623
0.347826086956522
0.27536231884058
0.0742753623188406
0.472826086956522
0
0.215579710144927
0.0144927536231884
0.485507246376812
0.105072463768116
0.153985507246377
0.423913043478261
0.293478260869565
0.210144927536232
0.108695652173913
0.108695652173913
0.0217391304347826
0.431159420289855
0.380434782608696
0.376811594202899
0.298913043478261
0.153985507246377
0.114130434782609
0
0.434782608695652
0.166666666666667
0.333333333333333
0.355072463768116
0.130434782608696
0.193840579710145
0.0126811594202898
0.115942028985507
0.425724637681159
0.114130434782609
0.0326086956521739
0.0507246376811594
0.364130434782609
0.449275362318841
0.155797101449275
0.130434782608696
0.105072463768116
0.208333333333333
0.0253623188405797
0.26268115942029
0.382246376811594
0.409420289855073
0.0543478260869565
0.242753623188406
0.264492753623188
0.0507246376811594
0.246376811594203
0.416666666666667
0.380434782608696
0.259057971014493
0.423913043478261
0.217391304347826
0.00905797101449279
0.407608695652174
0.347826086956522
0.239130434782609
0.46195652173913
0.0289855072463768
0.0326086956521739
0.0326086956521739
0.481884057971014
0.420289855072464
0.382246376811594
0.181159420289855
0.260869565217391
0.155797101449275
0.173913043478261
0.0398550724637681
0.0760869565217391
0.365942028985507
0.351449275362319
0.402173913043478
0.246376811594203
0.41304347826087
0.0869565217391305
0.398550724637681
0.0869565217391305
0.221014492753623
0.373188405797101
0.152173913043478
0.195652173913043
0.0652173913043478
0.0326086956521739
0.0434782608695652
0.329710144927536
0.338768115942029
0.355072463768116
0.269927536231884
0.0869565217391305
0.318840579710145
0.324275362318841
0
0.143115942028985
0.148550724637681
0.208333333333333
0.46195652173913
0.240942028985507
0.193840579710145
0.394927536231884
0.456521739130435
0.141304347826087
0.456521739130435
0.115942028985507
0.398550724637681
0.123188405797101
0.0851449275362319
0.311594202898551
0.0235507246376812
0.416666666666667
0.206521739130435
0.170289855072464
0.442028985507246
0.155797101449275
0.315217391304348
0.282608695652174
0.340579710144927
0.257246376811594
0.255434782608696
0.134057971014493
0.0960144927536232
0.226449275362319
0.393115942028986
0.443840579710145
0.0434782608695652
0.297101449275362
0.27536231884058
0.0398550724637681
0.282608695652174
0.202898550724638
0.289855072463768
0.27536231884058
0.00362318840579712
0
0.27536231884058
0.264492753623188
0.11231884057971
0.197463768115942
0.125
0.0362318840579711
0.264492753623188
0.0126811594202899
0.436594202898551
0.329710144927536
0.394927536231884
0.338768115942029
0.327898550724638
0.0289855072463768
0.0289855072463768
0.0579710144927537
0.0253623188405797
0.170289855072464
0.242753623188406
0.248188405797101
0
0.16304347826087
0.0942028985507246
0.222826086956522
0.0289855072463768
0.380434782608696
0.266304347826087
0.226449275362319
0.375
0.449275362318841
0.416666666666667
0.139492753623188
0.423913043478261
0.0978260869565217
0.0579710144927536
0.230072463768116
0.445652173913043
0.375
