0.485676094782949
0.484138813635679
0.484023874637462
0.483439715311419
0.483574267403897
0.492112616193113
0.484157688713738
0.485357262719145
0.484820244152486
0.488980571519701
0.488980571519701
0.48424591615721
0.483544499764205
0.483983072305163
0.483728106577745
0.484508534832349
0.483856985221443
NA
0.483719944757117
0.484728508043758
0.48353853906442
0.484068709649443
0.483459184707194
0.483565783373286
0.484710115564996
0.483503188692443
0.487775763315249
0.487934899148731
0.487073296663227
0.484757927662024
0.483386134833863
0.483390841133936
0.484350596493052
0.485844758112018
0.483579928404976
0.490111331483774
NA
0.483899498798159
0.483652694654748
0.486011991107766
NA
0.483943413720445
0.485387120767229
0.483423856987137
0.487979381010805
0.484315790160984
0.488115798436483
0.49578729616847
0.484096884721159
0.488668417632739
0.484115572801368
0.483339311442325
0.483339311442325
0.487445555364166
0.486701384138455
NA
0.48356126558515
0.483586771439588
0.485159870335611
0.487247578503588
0.485043726832193
0.48345341582775
0.486386995961473
0.484416293857242
0.485892849904052
0.485878399744558
0.485051248783059
0.488392706973555
0.489763874216504
0.490611643841867
0.48416881149412
0.484558712663819
0.483832573946063
0.483683355065997
NA
0.483523442172692
0.483935434181506
0.483336916520669
0.484127006137645
0.485967858011168
0.48335994651815
0.484178692701735
0.484195658084042
0.486279028623559
0.487067945588854
0.488304071152162
0.499535046810093
0.504095803133448
0.487809328272675
0.503144856173349
0.509629509633814
0.489471988796539
0.485221683413557
0.488212644235831
0.493120759148398
0.486334414597975
0.485157503825599
0.483392522432387
0.484754770373181
0.483667755809316
0.483898316510218
0.484704517702246
0.487759009125284
0.48341674243452
0.483422947287023
0.498269322053531
0.483338187114532
0.485986105865523
0.484406340993217
0.484757888673856
0.483936526874833
0.484802338415175
0.48809601732311
0.486553227707734
0.48619705375366
0.483712266622556
0.483672712575748
0.483362368711762
0.483576083337568
0.483946720122313
0.483892152907103
0.4838926609098
0.483335724748216
0.486913111828547
0.483496401707068
0.483339203494843
0.483572405505418
0.483945657708482
0.483920419896039
0.485817155377607
0.483577317516455
0.484320880731999
0.487317295047126
0.484307012720336
NA
0.484627525508781
0.485895589306227
0.48360650106172
0.488090521127134
0.483568057014137
NA
0.484896301956692
0.484321647675631
0.484724237438243
0.485144623168425
0.483894806873238
0.483337163348699
0.483342129405647
0.483355609432106
0.483743417902627
0.484578676101194
0.484578676101194
NA
0.486340056537128
NA
0.486482848369029
0.485472626584842
0.484732542459822
0.487169062158127
0.488283027599419
0.4837653922386
0.489171485225243
0.483871537944733
0.483343473914845
0.483514724779108
0.483352709981879
0.488285894645764
0.484889118203907
0.485038824133605
0.48487866990373
0.483574902805725
NA
0.484618820252679
0.484256925583875
0.483736350874658
0.487412697114529
0.484931467888099
0.485683924262108
0.483377135853694
0.48349570519607
0.490845440214258
0.484206998274763
0.492144780758692
0.488077101751843
0.484850945651344
0.483928471813971
0.489819742504721
NA
0.491580306715973
0.485977389238812
0.483427411006986
0.483337071670699
0.483690512807768
0.485625803427545
0.488645228010924
0.483337802664637
0.483506213105259
0.483506213105259
0.484315492276258
0.486424442910352
0.491291772119958
0.491098195728591
0.486132850213297
0.48389148482552
0.486541313598539
NA
0.485202380981856
0.483807342767646
0.484360147371482
0.483790850072441
0.485091194550539
0.483365763299017
0.486282732185558
0.483956039079855
0.484508341521783
0.483583192541108
0.484996975346219
0.484403602763232
0.483361041298048
0.483339481601284
0.48358340826119
0.483375266574856
0.483356087915713
0.485549515985067
0.484287981245087
0.48437299122059
0.483422164721695
0.484610003045783
0.483662466509175
0.483426650127501
0.486307084311892
0.483820463661567
0.483350137680712
0.485727837940357
0.488701289905716
0.484018883614952
0.493438930449653
0.484586278150766
0.484481040683645
0.483515792637574
0.484066943165347
0.483686560622867
0.487064217976611
0.483389611434798
0.484701968632853
0.483445843082609
0.487634403152175
0.489608103125916
0.489330318210921
0.487030120438414
0.490154160866264
0.48486646667834
0.48440417175642
0.483894417764644
0.484383167780022
0.48659353673615
0.483345442272812
0.484013258493879
0.485450329424711
0.488147211718463
0.48341295892948
0.483347912527176
0.483379885701421
0.484694011893809
0.486346902898762
0.486058131938725
0.484263911633804
0.483687544460878
0.483585351882532
0.485210348800611
0.484036102798393
0.483396984086765
0.483737121054681
0.485676858553665
0.486050625978023
0.483338584105129
0.483336318634564
NA
0.484783776340415
0.483529620553885
0.487186851261106
0.484179464306044
0.483461508572993
0.483446791598327
0.487977747370158
0.48334944029814
0.483747438794776
0.484770687742209
0.483337441092515
0.486756725679204
0.483387520067894
0.483874766060053
0.484869555307166
0.483505812576208
0.485994016883159
0.484008855129545
0.483357507859527
0.487498040962409
0.483372284772464
0.491384365755737
0.483376112124363
0.484908288830412
0.489330436566291
0.488343262065861
0.485149267143901
0.483370092653874
0.484100991868758
0.487041560667103
0.488477396270694
0.483335191401521
0.483362971293918
0.483369329148313
0.483400315904407
0.499624809217399
0.483481869877862
0.486758414848575
0.484020242004397
0.483793089879665
NA
0.484020242004397
0.484457146047986
0.489897432603079
0.485446734422391
0.487067107305885
0.49817990167044
0.483345793420146
0.486020444020868
0.483409947054448
0.483381626291495
0.48778547522285
0.484278096493121
0.483346116249804
0.485294002629628
0.48453913922165
0.483372634469944
0.486251709128308
0.483999642173409
0.483348013892864
0.483434317209631
NA
0.484403451771838
0.483397375088469
0.486916614343123
0.485471705340683
0.483527280813199
0.484483091691174
0.483496266835567
0.495323052075737
0.485367926147474
0.489053072233343
0.484455449606725
0.483396615411171
0.486944722118666
0.483655489035608
0.483467421631353
0.486436791340199
0.485547324259924
