0.240898538847985
0.239236642550099
0.238091797892887
0.237977936166065
0.238290959693664
0.249274230665289
0.238749150922754
0.253000113670779
0.239519579523609
0.251702784829326
0.251702784829328
0.239067029361421
0.239674934424461
0.237985698043135
0.24129737045015
0.253083413601093
0.239995320194309
NA
0.246859825208254
0.239541990211835
0.241683144973947
0.239833461394622
0.245992082910093
0.238175497591796
0.243888217388972
0.247401848448002
0.24185642483209
0.2429814316721
0.241777157607648
0.237982431653245
0.237985280639473
0.238928995739415
0.238224482261683
0.244767800168697
0.239844761885774
0.243052202681473
NA
0.239138849657773
0.242439532164782
0.247221424523786
NA
0.241541534212618
0.240773829141627
0.242476634048714
0.238048118544911
0.238008464915148
0.239264225217239
0.239651540518668
0.23849681400275
0.240771834674674
0.238252405520521
0.238508269638761
0.238508269638761
0.238989952789147
0.238275344268588
NA
0.239729699503276
0.24026257475397
0.240772817612622
0.255960347651203
0.245265802330584
0.239283941177473
0.239431949839907
0.238034318862168
0.238654513029513
0.251210997344807
0.239145454905939
0.238221009110761
0.256555225421602
0.241857611309453
0.244415514109547
0.239793524991022
0.240100249028866
0.238654449619237
NA
0.242043462652658
0.239818398386236
0.252364273107693
0.239127023081598
0.238347326743984
0.238048070345156
0.239225897471143
0.238726197048159
0.239386826786492
0.248336805015194
0.238200125655947
0.239664853686494
0.23830145136793
0.239011216797767
0.240133363742895
0.240271673418382
0.239073440895552
0.238647925656363
0.255941974522263
0.26309397922296
0.240027239316642
0.248424588804996
0.237965023003534
0.238363898167996
0.238026091043572
0.239119011892967
0.239166297487101
0.244076530674598
0.23844348669048
0.238274666346585
0.245857327877985
0.240450373718203
0.255506828018367
0.239745586793062
0.239877404571166
0.243685277700478
0.239022718417284
0.240178777634363
0.241330675366756
0.239469226304166
0.244160944911735
0.243017958110998
0.244579632668871
0.243471623596439
0.242680682710225
0.239781538408982
0.244812977094326
0.241426732970255
0.237968541428035
0.238875704678044
0.241585331351148
0.238041900285157
0.242534199662382
0.239918332416578
0.242921959926521
0.237972015469453
0.238184810173446
0.241238556360607
0.239238482281043
NA
0.23917207017139
0.238531134223491
0.240879849396364
0.24249976103219
0.238830544178458
NA
0.240704171222969
0.238038261384388
0.238645873893812
0.238050464387182
0.239216942923438
0.244715898417029
0.243028451543511
0.24818213494313
0.249032928826668
0.241181138171887
0.241181138171887
NA
0.238423907033378
NA
0.245664055408085
0.237972434107815
0.252642556770565
0.238921560980959
0.244467770836248
0.238751969018959
0.238919608357557
0.239990040662302
0.244515620036194
0.237968429587666
0.238578118457023
0.245769178858028
0.242264328173792
0.25738452324474
0.238020481228525
0.237966032383066
NA
0.238296155077159
0.238913165637438
0.238183854425479
0.243163731285767
0.241116915605103
0.250590028812643
0.240921737015908
0.238400624082231
0.241551503932835
0.23858544030895
0.238091914349602
0.238150295424965
0.238042425494925
0.238107370968618
0.243942976057703
NA
0.250890044152062
0.238371867841709
0.238001687526173
0.240170017228481
0.241316792594513
0.245590104890974
0.238049367992126
0.244260617366992
0.238058448012996
0.238058448012996
0.239274693852433
0.248914946286359
0.24772204412719
0.247684325007025
0.240863540876116
0.241477647191232
0.238217860231853
NA
0.238733245668064
0.239254526705251
0.241183297483132
0.238360240563048
0.239518701494007
0.238161199996385
0.248328457672975
0.241869915097783
0.242243815794641
0.239234356068008
0.238860208047772
0.240921790923365
0.238529888152589
0.238598767746172
0.244193857003829
0.240781400815213
0.238058379163143
0.241770875621205
0.23882079513231
0.2380573565534
0.238883470137789
0.240215395695969
0.240820431107677
0.238058282727341
0.240026528758736
0.239802412032405
0.241835874193517
0.258652424225163
0.237992398075586
0.238776823158591
0.240205883594228
0.237967362273186
0.244085852447509
0.237966650832572
0.246471993073667
0.237988081569985
0.242570540172045
0.238235542996462
0.251027112078529
0.238278492622816
0.247624988795739
0.250272809002487
0.251389341878597
0.23942145887182
0.238462027491053
0.24094869360418
0.23851756380996
0.239444536747149
0.240931204765274
0.238169984277126
0.238909315831712
0.237982123471995
0.240067583496693
0.2476315522052
0.238065454728304
0.239349144996877
0.240627811047073
0.246166865600023
0.250375948937096
0.23796718605989
0.238609611893782
0.238022938055409
0.238097495001403
0.238549596436139
0.258405237719971
0.237970953412684
0.238984151664689
0.241373893441815
0.239149089664196
0.245953001887257
0.24492711722911
NA
0.243374773621289
0.239797317019036
0.238032911764948
0.246456398481649
0.238514328341487
0.240559854909057
0.240265767059301
0.245885701284944
0.238650211202741
0.238941832185887
0.238215467885075
0.239933037868623
0.23800211002156
0.237989420498163
0.238194103985718
0.238059291407139
0.248360051648102
0.243152702188248
0.245218765654941
0.240641041128844
0.238330165650861
0.240848617358496
0.238084781041345
0.244212530973508
0.238931806664924
0.238237025716913
0.263334803453401
0.238304852678651
0.239846447994375
0.245604121001737
0.239186195953712
0.240571844170489
0.240450941025066
0.238691171367619
0.237998071336383
0.239340185848693
0.23856773303582
0.2449339928643
0.238290959690978
0.240508976916518
NA
0.238290959690978
0.238080559497248
0.239600767522674
0.241159519072216
0.238933077816477
0.247001212380866
0.2382846113777
0.238541484382987
0.242116411816314
0.240650021855544
0.238956319567906
0.239044460846049
0.239173618741672
0.23878807611613
0.237979450295982
0.239255429978136
0.249845186176439
0.243778557879394
0.237976391223902
0.246907691175113
NA
0.241337795511223
0.240642987980971
0.2384479353917
0.238114911430912
0.238928574730805
0.240521987147195
0.241124679387159
0.24911088845571
0.238976698501592
0.239574879604243
0.240363342327223
0.238705649061489
0.238045645795691
0.238028482847232
0.238511865525041
0.239136656694637
0.238104881688363
