-1.11220466920282
0.651703196694052
0.603311341742718
-0.235204844292806
-0.355551880875863
2.15359819174538
0.659310576877014
-1.03369818061096
-0.885876584221125
1.72715019207405
-1.72715019207351
-0.693764247728286
0.332698440059751
0.585170982625244
-0.455745586213968
-0.787447523956515
-0.525168614513048
NA
0.450989384124301
0.858082157101959
-0.327930914827211
0.622635442372757
-0.256142011033001
-0.349190883445039
-0.852400497540551
-0.298093850330944
-1.53180958409126
1.55901449544276
1.40544123939223
0.867092835677602
-0.164347173784442
0.171746178610526
-0.732544026278645
-1.15157242213571
0.359733720505422
-1.89222850305614
NA
0.546137136858015
0.409703822823556
1.18932043138798
NA
-0.566983179795503
1.0413013912208
0.216660927587963
1.56653436462862
-0.719881569250836
1.58937451784773
2.56508186677302
-0.634477964126741
-1.67872247925503
0.642212472310012
0.0476344096518374
-0.0476344096499831
-1.47375792200495
-1.33369811340934
NA
0.345755873910767
0.364724735443264
-0.981953155815651
1.43782949377043
0.950191071119028
-0.250121007554838
-1.26989427127712
-0.755866723107551
1.16255331431015
-1.15926481267433
-0.952280203702865
1.63475586336651
1.8430779073962
1.9608386378583
0.66375265692153
0.804106341280742
0.512741093248664
0.429019627663782
NA
0.315533922283053
-0.563252720380373
0.0316794437667516
-0.646898838027345
-1.1794760081211
-0.114770990776068
-0.667674104028416
-0.674353785121771
1.24723002131515
1.40443498586409
-1.62036803098505
2.92573315906368
-3.3120638829458
1.53758770485574
3.23532029692553
3.72742750515643
1.80075183755089
0.998445461435692
-1.60539203794793
-2.27391218758353
1.25890748495321
0.981316239948592
-0.174313307495011
0.866130307494332
0.419303432025178
0.545564904045953
-0.8506637174122
-1.52891722315752
0.207804493429532
-0.215548793023557
-2.80911368743956
0.0409262110088674
-1.18355634252949
0.752379904725919
-0.867080956295435
0.563765016609581
-0.880520375166273
-1.586082986118
1.3040193465906
-1.22974311195034
-0.446468794140507
-0.422415042426273
-0.120217471050486
-0.35689866774987
-0.568521760312347
0.542571917405504
-0.542819222671345
0.0193356644229636
-1.37500007337894
-0.292016739965064
0.0470318906682041
-0.354165686729174
0.568027837662313
-0.55616566457531
-1.14522227850802
-0.357811102910689
0.721747375855113
1.45058301908232
-0.716653034774206
NA
0.826406041821511
1.16317568668367
-0.378746675732239
1.58516721842012
0.350906881500469
NA
0.908276068053716
-0.722028059699086
0.856766273923806
-0.977842301987779
-0.543862677142279
-0.0336750401479444
0.0613026695497703
0.104310654067657
0.464536728605332
0.81063892404849
-0.810638924048242
NA
1.26009094641462
NA
-1.28968166639394
1.06277415537379
0.859323413317608
1.42332936951337
-1.61693332511274
-0.476870386638024
1.75611060396293
-0.532439264085592
-0.0668463979625117
-0.308148475271153
-0.0966885488118859
1.61740171048935
-0.906184087892545
-0.948826928641284
-0.903132789881976
0.356023705974966
NA
0.823618349703457
0.697944187867366
0.46049998226112
1.46785574255731
0.918447984786142
-1.1140629405206
0.149181208698534
-0.291385908712529
-1.99209024714532
0.678782039751201
-2.15754039783808
1.58292907689986
0.894985838541299
0.559977490492304
-1.85106897536331
NA
-2.08727544794886
1.18160900802746
0.220952171053382
0.0329479392170098
-0.433405020322131
-1.1001935449354
-1.67506896140902
-0.0383642505753753
0.300762380494177
0.300762380494177
0.719772238134571
-1.27766114807822
-2.0504293065675
2.02533373557144
-1.21587157567416
-0.542246511024616
1.30160330907555
NA
-0.993324796012857
0.499571372422684
0.73598052135177
0.490771841496551
0.963298750783102
0.127459414308204
1.24801428149852
-0.572835949392844
-0.787382664175418
0.362123021503867
-0.937101973735111
-0.751417773896591
-0.117264017417349
-0.0485689929226475
0.362280370407278
0.145833216351003
0.105515581501881
1.08171918939071
0.709602391148684
0.740576717206615
0.214587472617497
-0.820785156073755
-0.415957402931818
0.220040500090951
-1.2531588239681
0.50646272299661
0.0893840046994779
-1.1244286246899
-1.68388791308891
0.601121763528113
2.31058321531605
0.813112724765943
-0.778168363676902
0.309062659158459
-0.621885442548422
-0.430989119732714
1.40373359327448
-0.16984401841759
0.84987167287521
-0.241990009215671
-1.50723172482446
-1.82061211414386
-1.77984550651017
1.39730141449666
-1.89819895548481
-0.8995558839284
-0.751617802188331
0.543673625401894
0.7441982627544
-1.31216054512932
-0.0742192647610707
-0.598644404890774
1.05721678724129
1.59458765357851
-0.202937295068208
-0.0825454665469259
0.153974094643015
-0.847394600177449
-1.26152555827188
1.19952631804673
-0.700583642435161
-0.431591786684268
0.363695002121027
0.995441739488339
-0.608642586898177
0.180949212368977
-0.460941632068794
1.11238608140501
-1.19787199732507
0.0434133636111442
0.0262234784973002
NA
-0.874933219351606
0.320665314078125
-1.4266275117318
-0.667979353183642
0.258527821560544
0.243023352088397
1.56625882858178
-0.0872984028623453
-0.466817915975574
0.870972025601157
-0.0357877780146371
1.34461611958986
0.166559105737056
-0.534038640906121
0.90046253961392
-0.30041034344443
-1.18532093089021
0.596697942872127
0.109012936732387
1.48313695117295
-0.140327388444284
2.06232533395475
-0.147357069379627
-0.911756078041119
-1.77986307470507
-1.6267454000048
-0.979096211959445
0.13613774272691
0.636185867362639
1.39946280117706
-1.64838575900593
0.00959445091301115
0.121534513696101
0.134647900812749
0.185750134981181
2.9338275290851
0.278559365935362
1.34494797195631
0.601718482665438
-0.491976106631295
NA
-0.601718482665475
0.770013210221427
1.86212430596354
-1.05631802796092
1.40427728393288
2.80069116083222
-0.0754588734823649
-1.19119667279821
-0.198977648592677
0.156932247019602
-1.533483702326
-0.705912573275127
-0.0765808146254727
-1.01740159456244
-0.797649434337013
0.140984226728772
-1.24142958327955
-0.592604768810966
-0.0828692617549645
-0.229061175564759
NA
0.751364684266859
0.18151919563906
1.37567288674805
-1.062545119144
-0.318731785102295
0.778864385932195
0.291894693043426
2.51681218914721
-1.03641997515345
1.73820492244945
-0.769430934731101
-0.180410125534048
-1.3810603627838
0.411501812921693
-0.264501471532494
1.28021200649383
1.08118375942101
