0.267032197113907
0.515142929328726
0.546804336704192
0.814226724737544
0.722451760657474
0.0321505205300556
0.510254149976798
0.302195469210854
0.376466547214384
0.0852759213662003
0.0852759213662973
0.48842210914363
0.739618198403194
0.558917884269952
0.648936561624168
0.431705563076996
0.599893789986433
1
0.652356519837943
0.391602579863603
0.743216178333764
0.53404575472156
0.798034795704068
0.727216183585094
0.39474176036783
0.765859110772906
0.12673164408171
0.120155676934882
0.161031263770567
0.386655425645162
0.869579908680352
0.863764786494808
0.464467352397103
0.250508034219677
0.71932541149048
0.0595224441127357
1
0.585419335734573
0.682345696849485
0.235350776275876
1
0.57119320262905
0.298660357891226
0.828635010271144
0.118386189522352
0.472216029656987
0.113137495121696
0.0108519051206676
0.526302218673607
0.0943545460075552
0.521276132318646
0.962042564287517
0.962042564288993
0.141703133462805
0.183418535796948
1
0.729793455455764
0.715600297000133
0.326995535658828
0.151631910164404
0.342858684152893
0.802682578420999
0.20520760230713
0.450383200478504
0.246029760012373
0.247364931081422
0.341800341505366
0.103256987920921
0.0664056105397948
0.0509181683008307
0.507410831625848
0.422037772371952
0.608548580950604
0.668248535071702
1
0.752598257649483
0.573726820674767
0.974750921179673
0.518242939659872
0.239239290686639
0.908711319792007
0.504907733796769
0.5006591400869
0.213385993808948
0.161330221380313
0.106311957506575
0.00372640536947624
0.00105147933273946
0.125311897347424
0.00136528257548767
0.000235315143687476
0.0728496639721632
0.318950796488311
0.109567904386775
0.0237506231940218
0.209143113867212
0.327308850002956
0.861748911143138
0.387182048092457
0.675325343881098
0.585812172002603
0.395704396471769
0.127447041480767
0.835537128336153
0.829501015952999
0.00532810391229661
0.967384746034034
0.237622078197315
0.452473234916956
0.386661922462597
0.573378567175488
0.379354801582642
0.113882320358469
0.193329447282118
0.21985593586535
0.655613888490496
0.67305581630782
0.904399628494977
0.721444389131159
0.570149805860285
0.587868850810678
0.587698783836847
0.984587509051998
0.170262949504598
0.770496425991246
0.962522323511933
0.72348911357374
0.570484662608689
0.578554836082805
0.253123740866626
0.720762180472086
0.471069786488145
0.148048204262892
0.474203098359492
1
0.409298115788103
0.245777642137112
0.70517145122493
0.114090233989722
0.725929837403908
1
0.364536413244294
0.470897484311963
0.392328261193743
0.329021212601971
0.586981472793097
0.973160980915005
0.951163184498449
0.916999696522611
0.642634865374415
0.418281755234946
0.418281755235089
1
0.208716569802171
1
0.198256706394647
0.288827026415322
0.390918805003191
0.155786690866334
0.107051800370177
0.633837312443527
0.0801949582421065
0.594856466765312
0.946753093955073
0.758205204934132
0.923044936498897
0.106950668292826
0.36564045530275
0.34355088629409
0.367254535591055
0.722098789094621
1
0.410878007643859
0.485808308166422
0.645525324462753
0.143298804290213
0.359198090063884
0.26623564513765
0.881521194682639
0.770978276224465
0.0473607533056276
0.497853100270547
0.0318392385041027
0.114599640767293
0.371585952222884
0.575955665480959
0.0652435936641023
1
0.0377940270399304
0.238392919707404
0.825295442811804
0.973740267860767
0.66506406438906
0.272220536755697
0.0950699318996546
0.969425405979786
0.76382546305519
0.76382546305519
0.472283244228523
0.202458317652245
0.0412808963189459
0.0438095773720916
0.225088021611227
0.58809266124626
0.194153341089225
1
0.321434528817771
0.61778077729827
0.462376759801071
0.623983527382033
0.336253231787197
0.898670972228886
0.213099099138461
0.567228997808024
0.431743454331767
0.71754128003328
0.349537408731177
0.453050914415907
0.906737378578715
0.961298424360982
0.717423839175996
0.884161068688923
0.916044477561466
0.280335406479612
0.478558580473058
0.459588933459473
0.830249752403879
0.412487412306337
0.677769166097698
0.826004667317586
0.211224085177705
0.612942126278753
0.928842514469618
0.261822549766539
0.0933505264456639
0.54825950346614
0.0216042148163875
0.416864584448965
0.43714613677711
0.75751046620924
0.534538102266874
0.666817633343877
0.161538854051785
0.865259061657015
0.396143871946734
0.808970251617
0.132911796641088
0.0697645957429151
0.0762176264302181
0.163461700116611
0.0587283922446432
0.369152327465563
0.452930779608926
0.587111404037831
0.457398964677813
0.190572225605043
0.940890469747288
0.549908241699899
0.291350698784247
0.111965742120188
0.839335766319402
0.934273676305612
0.877744339591275
0.397520217201458
0.208200356323944
0.231367195849059
0.48416173193468
0.666380018799086
0.716368299204447
0.320406188765448
0.543269317145601
0.856542195453775
0.64520882348725
0.266954361870067
0.232009622157246
0.965403877533847
0.979098317892909
1
0.382382151861341
0.748710256336412
0.154834110005618
0.504713165146378
0.796195100505287
0.808170473638315
0.118450660744025
0.930498556509361
0.641003850425842
0.384537485559753
0.971477828172119
0.17986943868687
0.867840720132725
0.593750982515596
0.368670705708943
0.764093651882576
0.236925106104519
0.551205377184016
0.913272607452234
0.139195767735499
0.888505184354751
0.0401263326641312
0.8829593565701
0.362704485079112
0.0762147435145587
0.104949073844388
0.328402467077761
0.891813092728004
0.525190240313554
0.162813645608227
0.100428075872324
0.992351886358074
0.903357415742924
0.892989847506355
0.852779154458178
0.00363353363861549
0.780794652064225
0.179762373305489
0.547862740646854
0.623133048130163
1
0.547862740646829
0.441960286592501
0.0636638357549782
0.291760233051617
0.161377112753819
0.00546507847679195
0.939905087317513
0.234614799506314
0.842428882225959
0.87541466796795
0.126319005651874
0.480846668175935
0.939013320211745
0.309866523033707
0.425769743289806
0.887986757303873
0.215516591231185
0.55393802194736
0.934016446985272
0.818993504012687
1
0.453082802504975
0.856095259981557
0.17005468881031
0.288930741158691
0.75017452275947
0.436736671738229
0.770589642612804
0.0124176896776952
0.300926767633781
0.0833063667445131
0.442305178626685
0.856964946974045
0.168393983625456
0.681028668688472
0.791593841737775
0.201561289709085
0.280573032788987
