-1.03449846319474
-0.68110666115997
-0.215063885301973
0.0686605918657397
0.344832159702012
2.031193089704
0.534848738623351
-2.342006534379
-0.753077200522608
2.23868547124681
-2.23868547124683
-0.634057763654436
0.789810548460051
0.0868671847727357
1.10258146302506
-2.34848535765007
0.860628539514249
NA
1.80137162279066
0.758485973783907
-1.16465501653791
0.825610892593573
-1.71124994060169
0.277105004327594
-1.46998626210503
-1.85544513686048
-1.19148478427706
1.35279440924608
-1.17928720218735
-0.0797137845680941
-0.0859862410860818
-0.593020098069115
0.307664444610558
-1.57535473223587
-0.828103802703116
-1.36230351717403
NA
0.654393001206208
-1.27763880668184
1.83762230249619
NA
-1.14226087692228
-1.01227041463428
-1.28292484456528
-0.174119775536616
-0.125902941267823
0.688453912524898
0.784389131602726
-0.440462794837249
-1.01191095733615
0.3237964923072
-0.445181574781089
0.445181574781145
-0.611482411311906
-0.336470673042561
NA
0.802358832313456
-0.915521341203174
-1.01208812549653
2.56221103725645
1.631998780321
-0.693658000242338
-0.731544156652709
-0.159007538978864
0.501535714504821
-2.19824983691046
0.6562315735254
0.305598365667196
2.60421664481719
1.19166641016284
1.53402220415779
0.816739885694135
-0.882587587066907
0.50151265193749
NA
1.21978266648707
0.822276212727201
2.2919493730373
0.651088101162924
-0.3734603475096
0.174069274580538
0.678222930301761
0.526962341605738
-0.720205104538265
1.94518910017662
0.292868251406047
0.787478965918285
-0.350337999393261
0.61779294152818
0.889405146884462
0.9173323465581
0.635899564698744
-0.499134166223936
-2.56090270210467
-3.02776558068485
0.86736727083487
1.95340350980402
0.00184170556682815
0.381468342343629
0.149270845030086
0.648839835822688
-0.661999633899374
1.49317067974807
-0.417795399353158
0.336102959371759
-1.69682527660637
0.952203110335201
-2.52971850251939
-0.80596251775286
0.835263055866477
-1.44458459287017
-0.621179567319431
-0.898670727927813
1.10807758635031
-0.740780519929934
-1.50344739186421
-1.35771058054549
1.55341451287152
1.41734996625718
1.31161567884925
-0.814058464834516
1.58057699786267
1.12377887767592
0.0358741917326592
-0.57639533619377
-1.1492335101969
-0.16747894326274
-1.29108358391963
-0.844153640098776
-1.34475152678721
0.0505403984503395
-0.283168732347534
1.09280819861266
-0.68159917912989
NA
0.663588323823961
0.454453434566071
-1.03119780936859
1.28620883718326
-0.56192211401476
NA
0.999639586398618
0.163467670861351
0.498383794846477
-0.176560157340472
0.675810336515478
1.56933365381582
1.35911962586461
1.93063073557247
2.00940672969231
-1.08318183033882
1.08318183033895
NA
-0.409157780321166
NA
1.67591997962602
-0.0520293805868427
2.31399077959883
0.590728823409394
-1.54022337263453
-0.535808968141747
0.590125580784181
0.859508838222795
-1.5458796948242
-0.0353009468914545
0.472935901325746
1.68732277353266
-1.25237545836943
-2.66166915048742
-0.142250672065633
-0.0192776112937315
NA
0.347569503792732
-0.588130780795482
-0.282552405819671
1.37715573490672
-1.07231230200392
-2.14610465073972
1.03858078905009
0.398642915619882
-1.1438518221186
0.47575148022971
-0.215162635333568
-0.259986757829647
-0.168049991376244
0.227889731516827
-1.47676547414645
NA
-2.17145448072507
-0.385260345699709
-0.115667944617188
-0.896890835264192
-1.10578991064757
-1.66785182023449
-0.17542380219901
-1.51549194398348
-0.184623987664758
-0.184623987664758
-0.691222019455875
-1.99866802710532
-1.88666056538789
1.88301027000442
1.02830898450605
-1.13201286105976
-0.303713039316505
NA
-0.529396576445145
0.685879471807267
1.08354539435393
0.37971536138238
0.752864498860867
-0.267528016858738
1.94440618684519
-1.19354824397332
1.24938429372382
0.680494045744897
0.571470223971637
1.03859025679341
-0.453953017134436
0.480834159127065
1.50743517522932
-1.01363387602354
0.184555952286383
1.17831513490395
-0.558748500573954
0.183542470717789
0.578847580547942
-0.906072739461165
-1.02063332245523
-0.184460615102243
-0.867217828463224
0.818722264244538
-1.18833448924163
-2.74718564693004
-0.0999508097019415
-0.544204331840832
0.904155779822005
0.0292709246804001
-1.49430899733086
0.0244385862620968
1.76166218555593
0.0917357538176329
1.29620766012567
-0.314153635031567
2.18293808314663
-0.338173140944199
-1.87725359945732
-2.11897130077138
-2.21299902549014
0.728923600456029
-0.425813238690276
1.04330444247572
-0.448973569061828
-0.734675925884242
-1.04024228431902
-0.273451744386412
0.586935565035953
-0.0790054367322481
-0.875810510102598
1.8778912352558
-0.191421407306583
-0.710597353789257
-0.985607500401525
-1.72978012905333
-2.12783131990941
0.0281514154644869
0.484930480348366
0.14536689863977
0.219842789272928
0.461804258148195
-2.73072375307082
-0.0465497597740319
-0.609749469682553
1.11516924173269
-0.65724111547446
-1.70707911587143
-1.59369489263284
NA
-1.40483053465931
-0.817586338351345
0.1573851028262
1.76004674700243
0.447657152181776
0.972949580553179
0.916157147848754
1.6998726414089
-0.499968711135417
0.596955387547293
0.302272810374985
0.847325263974088
-0.116332304506624
0.094360513246113
-0.289093464522858
0.185455379188523
-1.94736778783997
1.37569413894711
-1.62673305887896
-0.988052957077728
0.364982256231817
1.02565836400791
-0.209027841639956
-1.50969311709894
0.593884077819589
0.315013367296268
-3.04223932924498
0.352104466010182
0.828475118390939
1.66938400277449
-0.667459907070558
-0.97519470901462
0.952311778804646
-0.514695539383032
-0.109817310314771
0.708293857558061
-0.468913247594562
1.5944816491491
0.34483215828074
0.96336387268613
NA
-0.34483215828073
0.205310900603745
0.772491863220889
1.07953506502219
-0.594274372701474
1.81563199795663
0.34145757045037
-0.458588915331883
-1.23064313710686
-0.989709517315159
-0.601365874402602
-0.627531646877039
0.664013856435521
0.547963115559722
-0.0725716929508259
0.686119650803042
-2.08183504597762
1.45631536244235
-0.0644256349311656
1.8062120123169
NA
-1.10924905053725
0.988412303781454
-0.419733174988188
0.23384735563144
0.592890586406202
0.965824128856053
-1.07363215251163
2.01647119094622
-0.607515767387508
0.766354642909926
0.935382601542409
-0.519801062018183
0.17150978411254
-0.152165519742462
0.446652503983338
0.653781446159689
0.225888487563115
