0.880331987077742
2.10897756836854
0.672742471183296
0.103826871371144
0.644404992664034
-0.686143616394999
-0.686107140713243
0.27433597516433
0.774396664525646
0.514510074058737
-0.514510074059441
-0.453921866029051
0.480214228154597
-1.23118574738755
1.61211492081629
-2.29310563911562
-0.31859844581037
NA
0.849731246095226
-3.25780714709504
2.81258123702805
0.501744336786348
-0.0302804756873184
2.3347452856109
-2.45196975583169
-1.11355674142786
0.947022485221122
-1.90298332098249
-2.25425632472666
-0.149379418344045
-0.393463037270203
-0.729009943993244
1.18967093575425
-0.991541159455018
0.428166079439788
-1.10385122001134
NA
-1.64010153525558
-2.2565143400621
0.157425113509596
NA
-0.359658197288024
0.787776242610904
-1.65361475581265
0.72744552624639
-0.742551379241473
-0.973139097202454
0.177992776593094
0.400434804960928
-1.56993851127318
-0.494786712511791
-0.407909083607939
0.407909083606366
1.21855355075065
0.840881126921778
NA
1.92529067085841
1.26917714393312
-0.268775644561387
-0.765636620019468
0.208577190318485
-0.188507404866549
1.13946216621455
-0.0898693350553897
-0.32073179106459
-1.18282270451181
0.720633502868674
-0.214277235037894
1.45951468492946
0.476453331675104
0.315678304938152
0.399201331207078
-0.628382840948678
1.49175090788094
NA
1.60543686078117
2.11367163588818
1.4928890694696
-1.36075106725862
1.24226657507099
0.432857787129689
-1.44668755702437
0.0426828551098234
1.16763292616848
0.497165976154187
-0.718889642146126
1.72435255305227
-1.06771495022867
0.927128603540944
1.33047051899124
1.52338009496363
0.805702339158968
-0.688297602077562
-0.855477238815864
-0.986105494258269
0.922181217004228
1.15221576547127
1.58037907132508
1.15458611524274
-0.426871543985143
-0.625019422779594
0.601670027855138
0.359312393331983
0.123692184863152
1.37709836318121
1.29020251163834
1.29736528559315
-0.891918232224194
-0.569268572658671
0.733416938116123
0.0821877675416723
0.806786244076055
-0.134083081070618
2.01785268562912
2.77158365157623
-0.671720189039666
-0.16346036801085
1.08176179209635
0.929440745359606
1.19888211810028
0.572641172419194
0.5169583791132
2.29290179758659
0.64693573185019
-0.561988007764863
-0.3702570561836
-0.741044594384556
-0.50180475874815
-1.02011133376284
-0.976114912728063
0.288087948500388
0.156487653005029
0.667038175530525
-0.056686645009271
NA
0.547566238553738
-1.45180565670258
0.344843627676792
-0.574698657155971
-1.15039426281655
NA
0.498072474705478
0.00931984737445343
0.200525018263336
-0.236427068884128
0.782219964276441
-0.132378825580244
0.513509220093415
0.241506617401901
0.542661131428897
0.810563098155485
-0.810563098156038
NA
-1.02425711877446
NA
0.951361975789682
0.324308712220506
-0.528627371879715
1.24594982635001
-0.266260198083275
0.364938805678889
-1.27717582789453
0.85550867367799
-0.278069215152875
0.2874106438144
0.811154807672694
0.978073932073593
-1.23845378681867
-1.21686304714584
0.664012550980183
-0.107623119444235
NA
-0.405519004410047
0.177639052494559
-0.102885139144618
-1.09366400520399
-1.10806151811449
-0.854000032754439
1.14930448489666
-0.858161965781252
-0.75245441819819
0.139247403954271
0.557826875644585
0.766174155135841
0.93696596579676
1.06399956800812
-0.141264160532221
NA
-1.36241611194771
-0.992717638362319
0.363344563781282
-0.643310860532673
-0.608275348941401
-0.927754935901312
0.799920392282244
-0.484090075137965
0.527140206718445
0.527140206718445
1.43372865867941
0.344552454428945
0.533655268082637
-0.500928048728619
1.41594781731691
-1.61124831832502
0.686295069636741
NA
-1.13214481358325
-0.382256489082692
-0.397591391450582
2.63041666637352
1.48192166753114
-1.44681422692592
0.567461696493106
-1.25778651576448
-1.24789442426172
0.0767274402031178
0.0804086198358257
1.88165167205646
0.801374467464499
0.732871171099878
2.5221552346426
-3.11532610635706
0.361106998824179
1.54803681954266
0.150329500346153
-0.243909100390347
0.965767059643615
-0.786958164441081
0.0586142180097942
-0.472467707798188
0.865078201259991
0.382924692700538
-1.06970038689626
-0.423131023114229
-0.0746530189148077
0.366884908017563
-1.35216229350809
-0.0542726282027481
0.24235549569136
0.474565361408797
1.02849107414396
0.00628324674986736
0.749061669936919
1.46779347439681
-1.35374593438708
1.27452342180596
-1.44963363922015
-0.422229359385044
-0.896662188646461
-1.46627596531084
0.801756860812028
0.210060615342291
0.153848717717612
-1.59127294838198
-0.752336259835491
0.268000363866026
-0.527371404290217
1.151674531655
1.31874062856108
-0.399973014922838
0.822108971791875
-1.04558461786845
0.319503440826533
-1.6694518090338
-3.39535963989066
0.575282989520287
0.142466034487735
-0.756365886547153
-0.109432259493296
0.403132787763895
0.147855465849345
0.0888438012206637
-0.525744962435788
0.925307086108295
-0.437216751652465
-0.930838393978429
-0.848660054144957
NA
-0.269561005456748
-0.287103414010414
-0.650946841352642
2.16603823931141
-0.379779195951713
0.855910613208031
-1.24470113223088
0.68760551629771
0.110143586438556
-0.4753557736661
-0.0498950212983991
-0.527788629631914
0.947036970334788
-0.546492457101498
-1.64768989778928
1.31123157716817
0.900227200861608
-0.158021607550933
-0.206617051309928
1.63736913188236
-1.32031370112115
0.0450472073169944
-0.461746685388759
-0.613177089878804
1.3997332586984
1.37228692166919
-0.187370109979006
-1.00263975131336
-0.0686169621642405
-0.326897404306849
0.359071765004741
-0.566924882749471
0.457665793616429
-1.04050976719619
-0.965668499565918
-0.0984269389762578
-0.155193792359105
1.24251457965127
1.18201657883428
-0.745261692075376
NA
-1.18201657883443
1.1442385956851
-0.100940354233074
2.86069080331606
-1.17225175329857
-0.797299019609849
-2.25819834205351
0.808762486144717
0.00677848628704565
0.385361580233544
0.267357910119584
0.660571857396768
0.738892985247535
1.49109120522827
0.16357705983515
0.651545878003548
0.63170695080223
1.81318968018562
1.28152854698987
0.553617308179892
NA
-0.964723183736904
1.35421897370159
1.88177028893202
-0.5203494782613
1.14953890533206
0.776401285156966
-1.69296190480217
-0.798501821299879
0.540430116800411
-0.561410386496662
1.9656829520771
0.119544985297589
2.27357612360751
0.447625899896659
0.860606007954083
0.392318788779249
0.56893784163795
