0.295180722891566
0.238955823293173
0.285140562248996
0.409638554216867
0.451807228915663
0.0481927710843374
0.1285140562249
0.176706827309237
0.44578313253012
0.0281124497991968
0.0281124497991968
0.349397590361446
0.267068273092369
0.0883534136546185
0.168674698795181
0.477911646586345
0.0763052208835341
0
0.455823293172691
0.0803212851405622
0.0562248995983936
0.329317269076305
0.451807228915663
0.305220883534137
0.363453815261044
0.0642570281124498
0.0522088353413655
0.329317269076305
0.0923694779116466
0.0803212851405622
0.172690763052209
0.160642570281124
0.172690763052209
0.180722891566265
0.0160642570281124
0.409638554216867
0
0.036144578313253
0.108433734939759
0.293172690763052
0
0.120481927710843
0.495983935742972
0.228915662650602
0.230923694779116
0.427710843373494
0.0823293172690763
0.359437751004016
0.0843373493975904
0.263052208835341
0.381526104417671
0.00401606425702816
0.00401606425702811
0.325301204819277
0.317269076305221
0
0.0843373493975904
0.417670682730924
0.144578313253012
0.232931726907631
0.00401606425702816
0.108433734939759
0.411646586345382
0.072289156626506
0.0642570281124498
0.22289156626506
0.251004016064257
0.405622489959839
0.120481927710843
0.29718875502008
0.423694779116466
0.150602409638554
0.072289156626506
0.0160642570281124
0
0.124497991967871
0.0642570281124498
0.126506024096386
0.29718875502008
0.112449799196787
0.0200803212851406
0.3714859437751
0.347389558232932
0.389558232931727
0.0843373493975904
0.307228915662651
0.461847389558233
0.479919678714859
0.0883534136546185
0.467871485943775
0.479919678714859
0.337349397590361
0.072289156626506
0.0401606425702812
0.072289156626506
0.401606425702811
0.439759036144578
0.451807228915663
0.00401606425702811
0.036144578313253
0.3714859437751
0.373493975903614
0.283132530120482
0.170682730923695
0.0642570281124498
0.423694779116466
0.176706827309237
0.0763052208835341
0.417670682730924
0.413654618473896
0.0562248995983936
0.00401606425702811
0.363453815261044
0.036144578313253
0.22289156626506
0.110441767068273
0.339357429718876
0.409638554216867
0.419678714859438
0.405622489959839
0.467871485943775
0.389558232931727
0.0200803212851406
0.176706827309237
0.397590361445783
0.453815261044177
0.405622489959839
0.409638554216867
0.0642570281124498
0.132530120481928
0.29718875502008
0.240963855421687
0.253012048192771
0.265060240963855
0
0.0321285140562249
0.124497991967871
0.156626506024096
0.353413654618474
0.036144578313253
0
0.465863453815261
0.379518072289157
0.345381526104418
0.369477911646586
0.20281124497992
0.0622489959839357
0.463855421686747
0.236947791164659
0.236947791164659
0.0441767068273092
0.0441767068273092
0
0.0843373493975904
0
0.116465863453815
0.164658634538153
0.355421686746988
0.116465863453815
0.0321285140562249
0.0803212851405622
0.363453815261044
0.170682730923695
0.072289156626506
0.0321285140562249
0.34136546184739
0.433734939759036
0.421686746987952
0.220883534136546
0.343373493975904
0.311244979919679
0
0.469879518072289
0.475903614457831
0.41566265060241
0.417670682730924
0.244979919678715
0.240963855421687
0.204819277108434
0.29718875502008
0.383534136546185
0.00602409638554217
0.343373493975904
0.34136546184739
0.27710843373494
0.0823293172690763
0.459839357429719
0
0.230923694779116
0.0160642570281124
0.497991967871486
0.108433734939759
0.15863453815261
0.417670682730924
0.27710843373494
0.220883534136546
0.108433734939759
0.108433734939759
0.0160642570281124
0.421686746987952
0.381526104417671
0.377510040160643
0.291164658634538
0.154618473895582
0.110441767068273
0
0.419678714859438
0.184738955823293
0.349397590361446
0.365461847389558
0.136546184738956
0.194779116465863
0.00803212851405621
0.120481927710843
0.419678714859438
0.122489959839357
0.0321285140562249
0.0562248995983936
0.367469879518072
0.449799196787149
0.156626506024096
0.132530120481928
0.104417670682731
0.20281124497992
0.0240963855421687
0.259036144578313
0.387550200803213
0.417670682730924
0.0441767068273092
0.244979919678715
0.259036144578313
0.0562248995983936
0.240963855421687
0.421686746987952
0.381526104417671
0.273092369477912
0.433734939759036
0.208835341365462
0.0100401606425703
0.411646586345382
0.349397590361446
0.248995983935743
0.467871485943775
0.0321285140562249
0.036144578313253
0.036144578313253
0.477911646586345
0.421686746987952
0.379518072289157
0.176706827309237
0.261044176706827
0.160642570281124
0.164658634538153
0.0401606425702811
0.072289156626506
0.369477911646586
0.353413654618474
0.413654618473896
0.257028112449799
0.419678714859438
0.0883534136546185
0.389558232931727
0.0803212851405622
0.224899598393574
0.373493975903614
0.144578313253012
0.192771084337349
0.0642570281124498
0.036144578313253
0.0481927710843374
0.321285140562249
0.335341365461847
0.337349397590361
0.246987951807229
0.0923694779116466
0.29718875502008
0.303212851405622
0
0.152610441767068
0.140562248995984
0.186746987951807
0.443775100401606
0.234939759036145
0.194779116465863
0.397590361445783
0.453815261044177
0.132530120481928
0.453815261044177
0.0963855421686747
0.417670682730924
0.124497991967871
0.0742971887550201
0.313253012048193
0.0261044176706827
0.405622489959839
0.192771084337349
0.168674698795181
0.437751004016064
0.164658634538153
0.329317269076305
0.273092369477912
0.34136546184739
0.27710843373494
0.279116465863454
0.136546184738956
0.0943775100401606
0.226907630522088
0.407630522088353
0.443775100401606
0.0481927710843374
0.293172690763052
0.27710843373494
0.0401606425702811
0.293172690763052
0.188755020080321
0.281124497991968
0.269076305220884
0.00401606425702816
0
0.269076305220884
0.261044176706827
0.120481927710843
0.198795180722892
0.122489959839357
0.036144578313253
0.273092369477912
0.0140562248995984
0.439759036144578
0.325301204819277
0.397590361445783
0.347389558232932
0.323293172690763
0.0281124497991968
0.0281124497991968
0.0622489959839357
0.0281124497991968
0.168674698795181
0.248995983935743
0.251004016064257
0
0.152610441767068
0.0883534136546185
0.210843373493976
0.0321285140562249
0.365461847389558
0.267068273092369
0.230923694779116
0.385542168674699
0.437751004016064
0.409638554216867
0.142570281124498
0.42570281124498
0.0983935742971888
0.0602409638554217
0.234939759036145
0.453815261044177
0.383534136546185
