0.301805494345182
0.496372987495147
0.829875765293047
0.945309324218695
0.730482231544181
0.0431901139286234
0.59318352383953
0.0198889369379926
0.452043080628187
0.0259706760682813
0.0259706760682802
0.526566374994495
0.430313990776346
0.93083984386042
0.271165986532896
0.0195530969099588
0.390186962096613
1
0.0727317224030978
0.44880497302091
0.24516070742136
0.409735336498932
0.0881544106257144
0.781906156184196
0.142700375493868
0.0645948768770103
0.234483200753992
0.177224478027996
0.239295728506811
0.936522454025005
0.93153947382505
0.553651551424567
0.758568878167077
0.11631597281491
0.408324618420523
0.17420879592523
1
0.513401597965718
0.20244654211312
0.0671890428893882
1
0.254331984610205
0.312292164090386
0.200590807918148
0.861898516702468
0.899900086891288
0.491743150279395
0.4334820799863
0.659945477199785
0.312463707580674
0.746336451253356
0.656536232506965
0.656536232506924
0.541381766898639
0.736770720545511
1
0.423033257825539
0.360714310657908
0.312379149976547
0.0109300175803738
0.103816021221549
0.488477969582714
0.465065255502937
0.873778804241743
0.61639251482946
0.028758549750519
0.512219879132328
0.76013999295195
0.00970535300628229
0.234412065301649
0.126165532426138
0.414778950454567
0.378224412966604
0.616408720431085
1
0.223584806375691
0.411626954462909
0.0226588176417697
0.515529363026727
0.709091507470101
0.861938166667314
0.498196524366365
0.598641491155733
0.472006002442847
0.0527638989957535
0.769842125362668
0.431674828106157
0.726351304919768
0.537219406573665
0.374557123962597
0.359766508231102
0.525366916352919
0.61808104245759
0.0109702864711951
0.00269579283677066
0.38649156681967
0.0517783668739925
0.998531858029512
0.703148200202925
0.881448539229901
0.516979469984181
0.508521808931142
0.136530644894235
0.676420387286979
0.737047680720227
0.0908530100864169
0.341824113032514
0.0119701567422538
0.420955817110519
0.404289455901492
0.149704798867399
0.534992309748105
0.369608572609345
0.268789518226122
0.459454010096253
0.133862948955419
0.175660536568933
0.121465900490312
0.157504436351849
0.190735899314793
0.416310706127683
0.115115952011184
0.262079803705527
0.971408512961543
0.564816049582218
0.251451041081619
0.867115417627882
0.197751123026653
0.399311996037018
0.179805543978511
0.959728181829652
0.777259001702224
0.27542751052164
0.496061900319989
1
0.507505731532531
0.649858415148316
0.303347589009426
0.199444222390851
0.574623475528527
1
0.318357395609284
0.870269427165751
0.618609044995366
0.859982911329336
0.499724884562232
0.117711793500787
0.175214202421389
0.0545492770792573
0.0454638404999666
0.279669681727774
0.279669681727719
1
0.682740056921883
1
0.0948821713354114
0.958542783364942
0.0214001383495032
0.555183798449056
0.124647468238917
0.592520542401801
0.55558755180437
0.390803071023431
0.123275308671414
0.971865193227354
0.63663135345198
0.0926669792300551
0.211489420205097
0.00822961199792524
0.88698541787923
0.984633522540225
1
0.728427463140543
0.556923707132258
0.777730982986326
0.169575950516809
0.284513110571229
0.0327334346357777
0.299905464858607
0.690463452332535
0.253672615261289
0.634626416773146
0.829798851947861
0.795067128347404
0.866666581866599
0.819900090535866
0.140874464727844
1
0.030745588035464
0.700340206504718
0.907999519374278
0.370555991837694
0.269776933600517
0.096475171937625
0.860874803835956
0.130788145582847
0.853659065699208
0.853659065699208
0.490004902956675
0.046621398495697
0.0602517745634342
0.0607467415539292
0.304701587081279
0.258608023844188
0.761574526353051
1
0.596954378582778
0.493362765577978
0.279508658467984
0.704447669846513
0.452170690976943
0.789261732002624
0.0528586472016552
0.233675932265365
0.212579230746768
0.496760077274347
0.568144333093355
0.299901067645838
0.650218113076011
0.631013930725933
0.132838758924978
0.311642047866257
0.853712381715577
0.239682247100367
0.576784778601864
0.854506677327465
0.563162399773518
0.36568481518101
0.308318753652034
0.853787093959195
0.386573284680675
0.413648677930998
0.23571948941697
0.00640509798969845
0.920455677618629
0.586738652110338
0.366698466064372
0.976669593522315
0.136233136828773
0.980520365921351
0.0792295072988029
0.92697429573802
0.195982849852322
0.75364082469937
0.0298799414724287
0.735488878399389
0.0615342060350444
0.0349827797138903
0.0277129963033986
0.466664236440309
0.670574601868567
0.297716972670184
0.65380177265987
0.463158372378896
0.29913445931248
0.784709757669776
0.557725039030563
0.937085342243309
0.381891879198471
0.0614465664177989
0.848335685984195
0.477931638810447
0.325185865537913
0.084783486675403
0.0342341210577411
0.977561657706234
0.628108924442665
0.884526918545334
0.826155518036587
0.644584163963934
0.00672492369022454
0.962905616564439
0.542527624380558
0.265744458211808
0.511571616070906
0.088927935348105
0.112144769464469
1
0.161192076321906
0.414296112782978
0.875056013190579
0.079503584734453
0.654750532170837
0.331427211321564
0.360381377479333
0.0902774047614176
0.617494043665979
0.551024769865032
0.762670943467858
0.397545348639031
0.907473478998653
0.924891001218098
0.772726096560713
0.853007598961008
0.0525009849942422
0.170027702930071
0.104930805620682
0.32398898307917
0.715403159421384
0.305947481171108
0.834580137758808
0.13226155810587
0.553074322300441
0.752988673809631
0.00257350104903709
0.725027645438785
0.40811474296831
0.0961710096785198
0.505034081042167
0.330314542475547
0.341769113919642
0.60717622128069
0.912633779436433
0.479358387513027
0.639500477159701
0.111968521340268
0.730482232611556
0.336205189588604
1
0.730482232611563
0.837480023162813
0.44048177206486
0.281288348883669
0.552813661672118
0.0705080042436137
0.733018021301794
0.646888995631511
0.219500348207446
0.323179852224956
0.548088140099134
0.530827747137586
0.507233756008852
0.584158522510337
0.942199326075372
0.493211544357471
0.0382755409336465
0.146437980615366
0.94867778725083
0.0719705439786502
1
0.268284853453728
0.323813351065189
0.675005745610288
0.81527621736672
0.553738104366264
0.33497464884621
0.283921963807199
0.0447156956254306
0.544006386186146
0.444117901347819
0.350405886874211
0.603617372525808
0.863948162932325
0.879167160420098
0.65547497319429
0.513794983211877
0.821454732190447
