0.255988023039917
0.267041146660527
0.255017769563848
0.253688186122753
0.254905442833425
0.255072573591815
0.255072422957329
0.253882236255389
0.255460483405705
0.254452408324208
0.254452408324208
0.254275827017492
0.254349741113923
0.258217527691046
0.261477054334175
0.269480449738783
0.253961218564818
NA
0.25582869895477
0.285595990210232
0.277462360024514
0.254413365982381
0.253658503554229
0.270060377512625
0.271749041986267
0.257387491375165
0.256354776547172
0.26455401201701
0.268948794132978
0.253722897725583
0.254121647044281
0.255255134320622
0.257915073459381
0.256614499182113
0.254207455657473
0.257322724642478
NA
0.261750970284041
0.268979446579847
0.253730326426233
NA
0.254045028959592
0.255523384620635
0.261884917153184
0.255248277268372
0.255315103841081
0.256505694924443
0.253751087924247
0.254138303977431
0.261073162951327
0.254392499976721
0.254156486450694
0.254156486450694
0.258124398407832
0.255783671160228
NA
0.264811015202137
0.258503402453619
0.253873148069056
0.255419883602003
0.253786668730419
0.253762685190592
0.257563139318221
0.253680050001817
0.253965323193774
0.257866177723414
0.255218590979598
0.253793922381426
0.260066429375681
0.254338913321018
0.253955644524451
0.254135335663444
0.254844071668223
0.26035274164504
NA
0.261412390213273
0.267100798226609
0.260362964763428
0.259228177493968
0.258300010465079
0.254219612859945
0.259954242314218
0.253661226864843
0.257758731536487
0.254399602636968
0.255211036266744
0.262604025762003
0.257086565968778
0.256242571693422
0.258982932186808
0.260639741534981
0.255609349186728
0.255081483156739
0.255858185919495
0.256582148092576
0.256215037457282
0.257651097017903
0.261172147098725
0.257667552486207
0.254204124565006
0.254831384670717
0.254745186554462
0.254044280740825
0.253701788058357
0.259362869865132
0.258665346813431
0.258721124499961
0.256049818314427
0.254631007576239
0.255274529962058
0.253676072503807
0.255614609060824
0.253709848925516
0.265909421159188
0.276773384130221
0.255013633311432
0.253736154609106
0.257177431455568
0.256255490225222
0.257981285623937
0.254642597593906
0.25446000824372
0.269477636445981
0.25491527786483
0.254606221161656
0.254068310894121
0.255308376330232
0.254413548464769
0.256787462243563
0.256523151616683
0.253905512682694
0.25372944080204
0.254994769807211
0.253665414667474
NA
0.25455806469714
0.259998886873648
0.254013619629387
0.254649701810703
0.257638474740685
NA
0.254402317711618
0.253656005565125
0.253776755107766
0.253823965823754
0.255497132154312
0.253708482275386
0.254449311906848
0.253831271833863
0.254541971101281
0.255632992279614
0.255632992279615
NA
0.256812968895833
NA
0.256379568482652
0.253972266780542
0.254496726372493
0.258327591274706
0.253869097785097
0.25405654406741
0.258564697398123
0.255858347781722
0.25388844253265
0.253904339634488
0.255635880107996
0.256534672685439
0.258271545673245
0.258112008248918
0.254982649959688
0.253690601860408
NA
0.254150635600612
0.253750709348502
0.253687600280546
0.257255353351362
0.257350751109196
0.255850586298642
0.257630932568085
0.255872031367982
0.255359659090392
0.253714096969191
0.254592198022151
0.255422361591581
0.256297758354546
0.257062730699905
0.253715799487404
NA
0.259241822939249
0.256621524564595
0.254053049912741
0.254901202721424
0.254769238333863
0.256246067996008
0.255581410555906
0.254360988930916
0.254492001228607
0.254492001228607
0.259841908412369
0.254013015530833
0.254512800000066
0.254410902837197
0.259689420514162
0.261468647805555
0.25507319913751
NA
0.257513115747018
0.25409548545638
0.254131475172856
0.27447842339699
0.260264778526837
0.259955345337554
0.254624826368676
0.258416779261171
0.2583421856885
0.253673461114312
0.253675201920348
0.264311051366388
0.255588417774818
0.255272121642504
0.272799676044064
0.282863254754031
0.254048171567645
0.260867650636754
0.253723754661353
0.253834781466578
0.256462678744249
0.255519507675684
0.253666083520823
0.254327531443657
0.255907899032111
0.25409702417999
0.257099337191344
0.254194556153745
0.253672516065387
0.254060830141424
0.259158055444507
0.25366460856286
0.253832507936572
0.254333509863794
0.256839124783776
0.25365586297616
0.255344328137814
0.260139362160308
0.259170951511509
0.2585443289934
0.259979921372674
0.254192262256265
0.256075353362346
0.260125962641523
0.255590262649807
0.253788537654068
0.253726976187926
0.261276128464104
0.255359123998869
0.253871895679087
0.254492734934736
0.257647344400977
0.25888941357683
0.254137191622468
0.255689722344103
0.256945819821837
0.253962956460605
0.262043297369142
0.288350119918913
0.254651724077094
0.253716825734626
0.25537741998569
0.253691783623044
0.254144828505514
0.253721534528271
0.253679498440266
0.25448758024633
0.256232417066186
0.254231026582412
0.256263314851962
0.255823223848276
NA
0.253874420431186
0.253903808442498
0.254930944922182
0.26777525830475
0.254089804254507
0.255860417945266
0.258318231692789
0.255078617426577
0.253692253670102
0.254335769449044
0.253663236237342
0.254494059814681
0.256354859113513
0.254554529252556
0.261826052977619
0.258829981111003
0.256094631713219
0.25373089269113
0.253784219522205
0.261724019516382
0.258901907090614
0.253661851099857
0.254297389568156
0.254787256659413
0.259552023875859
0.259323059301284
0.253761398699014
0.256681106193773
0.253669913533666
0.253977340031908
0.254043760516072
0.254622993749524
0.254286098033157
0.256913959897829
0.256462105857504
0.253684899328275
0.25372822717298
0.258301865001472
0.257860440630286
0.255327239274867
NA
0.257860440630286
0.257595966233922
0.253686407343316
0.278283755988488
0.257791256264673
0.255568810256602
0.269002326801716
0.255624217386521
0.253655882443366
0.25410265855921
0.253870860599129
0.25496893441214
0.255298793489019
0.260346819677669
0.253736269457626
0.254933293020151
0.254856677292978
0.26354979166551
0.258598214639443
0.254578117698245
NA
0.256456614118594
0.259174806541695
0.264312394802167
0.254470594335848
0.257632554349681
0.255469839076417
0.262281196612284
0.255574586696158
0.254534699082726
0.25460426833143
0.265283996732228
0.253698752263713
0.269212051456991
0.254258745020599
0.255884673300338
0.254118941156123
0.254629874697377
