-0.320451387654106
0.219294106484178
0.179350942761003
-0.0683182010535894
-0.103019192659023
1.2334425420885
0.253499423527168
-0.394822049950768
-0.259129250662703
1.42788387567623
-1.42788387567578
-0.212768550447652
0.124584224570114
0.28396729695578
-0.166410555298953
-0.248663211484587
-0.257312108315176
NA
0.1213684401168
0.3876336696295
-0.17861892058383
0.205957010037068
-0.0719352853244004
-0.107099755174215
-0.275632173185961
-0.161948927117692
-0.882715983549628
0.446949229738514
0.652109800403812
0.428256897976041
-0.0635063200736568
0.0696122367556988
-0.284067778015206
-0.405714798769022
0.384594805755114
-0.529093283312889
NA
0.383202816261075
0.177301215354632
0.35846086347571
NA
-0.21962452862482
0.280173532897699
0.0744892553316987
0.487028551088081
-0.197444949104446
0.697445953960277
0.729480640892891
-0.310697121173237
-0.528583740522889
0.179213057448797
0.100038929523407
-0.100038929519517
-0.435673301607931
-0.395510514420792
NA
0.161559931288739
0.102190980893857
-0.419882730334776
0.474154300979741
1.91119523374505
-0.114379203229603
-0.358460093092438
-0.399048959538984
0.646914281248669
-0.397914991006466
-0.322673964931631
0.453854708877827
0.881892924658343
0.611811390732932
0.181027997693214
0.309701579644089
0.261231893799042
0.450378234833977
NA
0.122102534757876
-0.354686129345199
0.0128679971686907
-0.192311976167451
-0.448589944890697
-0.112649616887859
-0.194960342535339
-0.211508526649059
0.347337210456001
0.647134189666701
-0.495113307243994
0.843282481502499
-0.923400318245992
0.769601009689183
0.942193774581959
1.09923328504988
0.521278175765683
0.543935835887936
-1.04669356336223
-1.17967963023986
0.341242344274722
0.269590547550296
-0.0490075174716758
1.59846203570729
0.298580078732654
0.158874954199124
-0.2478143473854
-0.463451146318214
0.0926411560264331
-0.130320838698822
-0.794964817194147
0.0154954046645344
-0.635582469939095
0.206984203156621
-0.23537590152775
0.414167993021124
-1.3341903592099
-0.434663132680461
1.02688602894784
-0.390177954108951
-0.2052941806182
-0.116911752653628
-0.0344513949775411
-0.102974445338479
-0.164759965698927
0.150828174870089
-0.152494967422607
0.0268817915253976
-0.532437176679508
-0.0791494160917949
0.0125940821977277
-0.0960570426589786
0.149043007848858
-0.288953100958062
-0.407750835148441
-0.107417554275811
0.238295012076447
0.479389820042023
-0.221774700415198
NA
0.645676990885846
0.493069099034333
-0.13858440745596
0.485671328443789
0.248854511180432
NA
0.265624971356441
-0.202204736807836
0.282014558808804
-0.271638047798888
-0.183683775109751
-0.020303133377034
0.0158667011187923
0.032755887559567
0.145775366826793
0.547621365627264
-0.547621365627094
NA
0.587975006430559
NA
-0.543029221595452
0.378041784128541
0.293312152658402
0.59054189902573
-1.1905707644089
-0.225236139467228
0.500925976999007
-0.170664158642879
-0.0332862757957173
-0.224385095086461
-0.0314221467823348
0.464975725828502
-0.265124776879823
-0.296694563686701
-0.274804732449587
0.10315664835856
NA
0.215809293852381
0.191561085901171
0.12720475095443
0.407299400569867
0.28117223271275
-0.328400417669773
0.0471696012529392
-0.0913491557565322
-0.553115561325253
1.20302221792682
-0.574337483469254
0.421404073774625
0.244005032626333
0.264756131540793
-0.575327525726038
NA
-0.766566962709909
1.05136560966815
0.0611250425044343
0.0140221258026116
-0.160846815926945
-0.308244137492862
-0.498111843566438
-0.011717200307146
0.131494604728024
0.131494604728024
0.67018335217008
-0.347966369173808
-0.575229764701183
0.56656240047354
-0.350796965575533
-0.19746687070287
0.578665149210844
NA
-0.278175675759691
0.190028222523466
0.205032896369286
0.142242360752416
0.438932740997949
0.0467909109252389
1.68222237233169
-0.233342531582275
-0.226506994453882
0.155481837651507
-0.710430912717046
-0.417702647758124
-0.0328851407040673
-0.0126389507787419
0.135083351200031
0.0615119752394602
0.0394528445939102
0.36009689121245
0.623731163422589
0.235436591836383
0.0574220846160394
-0.240234230204585
-0.23477386768215
0.0766533560530984
-0.422396071975975
0.285611555897513
0.0278018424178903
-0.318191974715671
-0.454368392409142
0.172596498016699
0.66931766713131
0.276313955915022
-1.25306702294461
0.082815998195521
-0.169013357128495
-0.147016591925876
0.445309339967896
-0.149333796961407
0.621898808063632
-0.19689756657146
-0.452064793779961
-0.501396175265207
-0.50525932876514
0.509510339107969
-0.579816123761777
-0.355417055367838
-0.26394739365621
0.383730823499686
0.377096129141785
-0.360286356562446
-0.0217175755626506
-0.159581891741631
0.344894085044414
0.474707428746225
-0.0949574377924307
-0.0231298118951084
0.0750963647450504
-0.307731296146954
-0.369612007813414
0.443258641189654
-0.22439615719388
-0.235196808718766
0.257352353148749
0.728038194145597
-0.168455423569327
0.0488407323723017
-0.134051354662857
0.343671593311964
-0.574904198857666
0.0129804724705451
0.0077956417737699
NA
-0.323142551318888
0.119069861960682
-0.463428215548511
-0.181535272266865
0.081399263281547
0.0820228008316519
0.460124686474826
-0.0235685122679108
-0.179109187884414
0.241284749983109
-0.0146736339102045
0.378415092875798
0.0687145205367798
-0.2631883004379
0.275914689507275
-0.291223908835285
-0.330624970173822
0.20519946031451
0.0393482564386911
0.407424515896041
-0.051218292922445
0.621290915797212
-0.0450392583458488
-0.264527518153297
-0.589611774194525
-0.545647755234183
-0.392491634213492
0.0630419966578604
0.206319760530967
0.423573956562889
-0.509739638655347
0.00768450326273751
0.0370307946129635
0.0395697415115297
0.122596998357911
0.85583440856032
0.0956646709427886
0.414854714809898
0.176302616027613
-1.03880150862915
NA
-0.176302616027623
0.230298453698747
0.845242788009983
-0.383791086937098
0.589722813397756
2.04070986425367
-0.0233063892794156
-1.34088576747155
-0.0536729490536842
0.04644895094318
-0.42017549316725
-0.204648179095198
-0.0227446734931114
-0.953772497572118
-0.707943115182388
0.0723833065262198
-1.02254457995554
-0.238993414583035
-0.0279800529491112
-0.0744470364799241
NA
0.28602367643153
0.0908380614322226
0.48398454294508
-0.791276220715397
-0.0909451551415827
0.220386286914469
0.100500360330827
0.715961547119448
-0.288796906531413
0.477647549603399
-0.310839166517409
-0.0467138502190707
-0.57143986780873
0.2287812917092
-0.10139461613678
0.357511061599798
0.314980679942616
