0.735852541360271
0.979319686549227
0.171636857834445
0.892982854722072
0.493436064595685
0.619646072392322
0.718210963430406
0.61779612249892
0.660099843980472
0.627425053382285
0.961473093262768
0.672370930681939
0.312644052729602
0.415429724053763
0.0366676586865606
0.287197829211738
0.863155460923603
0.927129369556334
0.727924879911066
0.613030891820566
0.0995777182648537
0.229925838353815
0.17581349213784
0.347160448289092
0.127167074540956
0.785246597118687
0.0903157838398287
0.844838005735132
0.471278962826073
0.860503584597012
0.205239130017855
1
0.463079560469811
0.870890882413865
0.318786256510475
0.331844920543771
0.00333826187496894
0.768388230574998
0.371232941610318
0.376504895245246
0.173115109907708
0.261574072909354
0.0875549494002606
0.623467963086256
0.105449507337947
0.64355664563584
0.462041269028316
0.156804151765988
0.0280471565534499
0.104849155854146
0.705296570239096
1
0.0359711190490075
0.360315277630064
0.534920075737801
0.0923117746924478
0.440211663845794
0.0785835344479796
0.0889681942297207
0.38834799265278
0.127111376563811
0.443363183515334
1
0.156025890178018
0.184463814130563
0.126294059375233
0.12673770802173
0.130766644907049
1
0.393121050921872
0.565549978377186
0.579228713366357
0.253932751415961
0.997526992772513
0.846958305048571
0.906342696626796
0.894615231909847
0.627205792936757
0.494861630447497
0.757989480387876
0.315402640499417
0.854515193838875
0.90249814796553
0.315402640499417
0.702903374967408
0.262996576108908
0.738655532439382
0.771450684286158
0.240444291663739
0.200337419860718
0.158732821029843
0.310543769066902
0.870074862813864
0.796610376682791
0.945775735529403
0.146982879208483
0.572080714954001
0.514309088069611
0.0816394766634505
0.0806595568929345
0.2158441790862
0.553672652060824
0.0199415437704621
0.704193859921637
0.677609423545953
0.951383528416749
0.0328758206330957
0.644902171379206
1
0.0882901699877731
0.407749341851901
0.765891022291451
0.678164437373526
0.554669454205625
0.916832310589186
0.0669261222856448
0.777086559500295
0.506342043678967
0.959273937430956
0.738835785755822
0.13748208215201
0.186179046057176
0.328794123678533
0.492153478839219
0.554659065229307
0.0777987381907088
0.727291399545264
0.12289466598558
0.970631162375794
0.155732644564174
0.0688125868804663
1
0.969074000390613
0.35792971221103
0.877635044021869
0.0590747124475108
0.644971765974774
0.474153030174186
0.476247155126352
0.377917003495894
0.050955661847462
0.817908488639254
0.755306074729394
0.434978880449744
0.994293824624858
0.367400510920749
0.87705375998545
0.00792281449701063
0.715435717923665
0.35328329555854
0.185321111693764
0.15207855025536
0.364164630797132
0.232669614111166
0.150484107901513
0.680871571917273
0.122559825934913
0.512799169168527
0.200361574147367
0.376181453092742
0.481819664346057
0.65829968287781
0.982636596573231
0.0241672744556334
0.897747930491625
0.0495578735567495
0.172237295860987
0.792815768928063
0.184308031029644
0.751901115227396
0.323639438187832
1
0.552552955693876
1
0.0629651847973344
0.987085683019743
0.921977307985625
0.0778481818000646
0.442819827689894
0.487681541696125
0.402050121376002
0.494771285628282
0.189273928846172
0.349971132993181
0.221899402111417
0.631582749558245
0.114889450594133
0.0931897728663796
1
0.905895384847399
0.692730359603736
0.483367195518146
0.243235008516639
0.0532322670029373
0.95959443115881
0.444289683635409
0.57981117224493
0.930386004335163
0.705508183120322
0.154947203792515
0.808939467647164
1
0.385122578779486
0.889582406229914
0.74892207921075
0.0890993149586027
0.537016669505126
0.968524942869056
0.394358370180007
1
0.941614383757739
1
0.662850324888588
1
0.306071042372307
1
0.0182430135595347
0.798710224502359
0.743313140116922
0.89655972974455
0.600027515032441
1
0.829852800743799
0.269535714062429
0.528651249030786
0.338083139666218
0.175225204437752
0.421489399965878
1
0.234202144178602
0.177821560175428
0.612702455869637
0.971488194354487
0.314204101372311
0.988003115445918
1
0.271932603713703
0.160189184859464
0.992075217636764
0.632465179646259
0.0493199591294803
0.800991988798748
0.939721476712916
0.239248001295164
0.46849020003022
0.557702402794883
0.00028171926802626
0.00028171926802626
0.0943282515283477
0.269857318917029
0.557023248842714
0.186132258577085
0.13204674062721
0.110528295481009
0.409610142687988
0.615895569875842
0.772246992800841
0.917057304459032
0.14020436694595
0.327503769215976
0.668960364104904
0.588626805724811
1
0.618650469446206
0.284864656136122
0.187937718267033
0.438365803542754
0.880306308939304
0.841495704073619
0.238543001141189
0.89799311605899
0.911628166374223
0.0356181982843703
0.850484186055473
0.425999825244883
0.220160706721065
0.528753566243059
0.0878350775160634
0.777353122261069
0.140625865512451
0.978105637581894
0.638881774400758
0.774796883682024
0.834170901437223
0.216065181140849
0.883946126391313
0.438027296866698
0.669280376086852
0.493028843927237
0.792269934729184
0.37210248314658
0.530124857022079
0.218451220579381
0.556138829077943
0.324612314946431
0.239304769690096
0.538230343194791
0.742413947695553
0.416242540606928
0.197408180678331
0.487127783390326
0.471828379024314
0.191853566386188
0.104989732116323
0.0391315075870859
0.633787693063429
0.624659832134248
0.802683368065388
0.284650794886285
0.577891580432611
0.894345478175479
0.527448525940508
0.495590346727245
0.349038345544234
0.417545518765429
0.502867738937448
0.363827674207778
0.142009452551783
0.755850410456499
