0.129032258064516
0.130824372759857
0.152329749103943
0.387096774193548
0.170250896057348
0.415770609318996
0.017921146953405
0.0716845878136201
0.21505376344086
0.46594982078853
0.200716845878136
0.39426523297491
0.225806451612903
0.43010752688172
0.440860215053763
0.0716845878136201
0.415770609318996
0.017921146953405
0.10752688172043
0.378136200716846
0.32078853046595
0.127240143369176
0.378136200716846
0.397849462365591
0.10752688172043
0.433691756272401
0.333333333333333
0.439068100358423
0.00716845878136201
0.24910394265233
0.0412186379928315
0
0.365591397849462
0.344086021505376
0.0860215053763441
0.125448028673835
0.0286738351254481
0.399641577060932
0.403225806451613
0.111111111111111
0.473118279569892
0.112903225806452
0.0967741935483871
0.224014336917563
0.28494623655914
0.00716845878136201
0.342293906810036
0.0591397849462366
0.333333333333333
0.222222222222222
0.277777777777778
0
0.0573476702508961
0.148745519713262
0.134408602150538
0.132616487455197
0.0197132616487455
0.139784946236559
0.139784946236559
0.195340501792115
0.046594982078853
0.139784946236559
0
0.198924731182796
0.360215053763441
0.324372759856631
0.342293906810036
0.3584229390681
0
0.376344086021505
0.32258064516129
0.0663082437275986
0.293906810035842
0.129032258064516
0.134408602150538
0.132616487455197
0.132616487455197
0.129032258064516
0.125448028673835
0.114695340501792
0.17921146953405
0.125448028673835
0.00358422939068104
0.17921146953405
0.247311827956989
0.114695340501792
0.272401433691756
0.181003584229391
0.317204301075269
0.198924731182796
0.181003584229391
0.200716845878136
0.336917562724014
0.376344086021505
0.0770609318996416
0.121863799283154
0.349462365591398
0.137992831541219
0.247311827956989
0.025089605734767
0.399641577060932
0.0860215053763441
0.0286738351254481
0.43010752688172
0.327956989247312
0.046594982078853
0.0967741935483871
0.121863799283154
0
0.283154121863799
0.378136200716846
0.103942652329749
0.118279569892473
0.315412186379928
0.046594982078853
0.216845878136201
0.010752688172043
0.078853046594982
0.0645161290322581
0.046594982078853
0.150537634408602
0.078853046594982
0.240143369175627
0.32258064516129
0.0860215053763441
0.197132616487455
0.182795698924731
0.209677419354839
0.310035842293907
0.00716845878136201
0.25089605734767
0
0.442652329749104
0.326164874551971
0.00358422939068104
0.089605734767025
0.0591397849462366
0.229390681003584
0.365591397849462
0.218637992831541
0.406810035842294
0.240143369175627
0.0519713261648745
0.184587813620072
0.150537634408602
0.362007168458781
0.283154121863799
0.0555555555555556
0.225806451612903
0.200716845878136
0.254480286738351
0.211469534050179
0.139784946236559
0.0232974910394266
0.170250896057348
0.189964157706093
0.10573476702509
0.301075268817204
0.032258064516129
0.032258064516129
0.0931899641577061
0.292114695340502
0.0716845878136201
0.123655913978495
0.336917562724014
0.17921146953405
0.157706093189964
0.0860215053763441
0.154121863799283
0.112903225806452
0.032258064516129
0
0.390681003584229
0
0.032258064516129
0.0501792114695341
0.068100358422939
0.306451612903226
0.032258064516129
0.043010752688172
0.0896057347670251
0.0609318996415771
0.347670250896057
0.265232974910394
0.25089605734767
0.025089605734767
0.1415770609319
0.129032258064516
0
0.378136200716846
0.211469534050179
0.381720430107527
0.0967741935483871
0.00358422939068104
0.021505376344086
0.360215053763441
0.111111111111111
0.010752688172043
0.025089605734767
0.0896057347670251
0.435483870967742
0
0.460573476702509
0.315412186379928
0.362007168458781
0.449820788530466
0.0645161290322581
0.469534050179211
0.247311827956989
0
0.0860215053763441
0
0.211469534050179
0
0.068100358422939
0
0.010752688172043
0.261648745519713
0.317204301075269
0.166666666666667
0.204301075268817
0
0.211469534050179
0.17741935483871
0.195340501792115
0.265232974910394
0.189964157706093
0.446236559139785
0
0.103942652329749
0.458781362007168
0.198924731182796
0.111111111111111
0.290322580645161
0.267025089605735
0
0.315412186379928
0.315412186379928
0.476702508960573
0.396057347670251
0.275985663082437
0.164874551971326
0.03584229390681
0.170250896057348
0.186379928315412
0.415770609318996
0.028673835125448
0.028673835125448
0.0501792114695341
0.259856630824373
0.417562724014337
0.010752688172043
0.46594982078853
0.403225806451613
0.21505376344086
0.326164874551971
0.132616487455197
0.182795698924731
0.412186379928315
0.0752688172043011
0.401433691756272
0.254480286738351
0
0.419354838709677
0.157706093189964
0.046594982078853
0.369175627240143
0.17921146953405
0.010752688172043
0.021505376344086
0.367383512544803
0.240143369175627
0.118279569892473
0.240143369175627
0.275985663082437
0.318996415770609
0.225806451612903
0.182795698924731
0.010752688172043
0.0752688172043011
0.410394265232975
0.448028673835125
0.304659498207885
0.482078853046595
0.181003584229391
0.455197132616487
0.35663082437276
0.290322580645161
0.189964157706093
0.232974910394265
0.003584229390681
0.21326164874552
0.401433691756272
0.186379928315412
0.164874551971326
0.367383512544803
0.344086021505376
0.137992831541219
0.342293906810036
0.297491039426523
0.0716845878136201
0.175627240143369
0.405017921146953
0.419354838709677
0.399641577060932
0.0716845878136201
0.103942652329749
0.0752688172043011
0.324372759856631
0.293906810035842
0.385304659498208
0.247311827956989
0.118279569892473
0.247311827956989
0.017921146953405
0.297491039426523
0.197132616487455
0.440860215053763
0.010752688172043
