0.30184101551903
0.753998163053743
0.198925028021601
0.565946840591196
0.539750849722659
0.593698563661879
0.517120000720746
0.572018976165231
0.517941127590733
0.938324001038557
0.388506665614504
0.426028905897684
0.727608046593249
0.727642598860664
0.331879046850632
0.229514973988589
0.296586018882066
0.242974587540991
0.0458455727963956
0.187719795189844
0.84662376031848
0.131742033422184
0.863051869941594
0.799338890378794
0.823550409634615
0.233905404338721
0.0708452704110121
0.0350131545755092
0.946019839483316
0.752865571870182
0.458446430365713
1
0.973225273851882
0.717094673344174
0.323784951852528
0.687175679668001
0.303014565707692
0.658838274244876
0.892943807369137
0.866102265924346
0.684874675297734
0.959026489905346
0.535088902973821
0.950407077579855
0.774689822247278
0.629638915978827
0.278712801902924
0.651887773540165
0.0652395588262489
0.141451943128005
0.22237848403256
1
0.401900065246143
0.304992195515001
0.28341835550384
0.985920451251971
0.19497647223249
0.880839792154644
0.905594367683349
0.312766405691369
0.0705570315396295
0.948723169668854
1
0.831241561550879
0.536800373567776
0.266746797535645
0.651584619663962
0.416436834700282
1
0.182329988673089
0.342916330694554
0.645490024775489
0.871268255800426
0.812496309653182
0.87332100145901
0.779646728527469
0.891508021589078
0.762949997810858
0.685140757876801
0.843341695574083
0.366702729171098
0.0730363161900532
0.154767138254928
0.366702729171098
0.213884384048201
0.573686631888226
0.352101168824859
0.298590445037754
0.388629038727036
0.7464774218792
0.609977564663668
0.952524347293597
0.846052521012174
0.359522051066573
0.394061778466689
0.821864282148923
0.760991286135339
0.546002758557761
0.732358673050131
0.838485875564791
0.207372344103917
0.84652665341686
0.488898469054008
0.59952972944243
0.492899555202253
0.159547948725246
0.169150081875762
0.363356008718391
1
0.245071536299416
0.00278110786520467
0.443098490583507
0.864603892265312
0.150150206109279
0.296854240636472
0.267922844578304
0.607628543560252
0.704249969324245
0.895392220885974
0.924736675611122
0.957709835245411
0.307699018219977
0.030041977273267
0.0390337561280375
0.550239924728842
0.680441976705528
0.355591595006562
0.00781532388959818
0.093166915515904
0.55357175317417
0.148477177818867
1
0.542157444204108
0.26274694267176
0.845228763795031
0.314008582600856
0.182081343532659
0.108689762408725
0.28579533595964
0.201109102697987
0.428486082256337
0.856364594942265
0.621371661226774
0.273833509768302
0.540740791141624
0.0948057972367302
0.719411595565406
0.0351335641107052
0.376434616110499
0.57487448876085
0.502895992609091
0.431189745013349
0.444074473377005
0.0848373307106062
0.299628066401063
0.967427955015318
0.0984066174547246
0.158532161939076
0.205209838283964
0.301799099460327
0.23884738316167
0.993880929877701
0.339608130585946
0.0927212238945617
0.907927258331389
0.305071253890978
0.685452205814929
0.869032094379718
0.782734143308716
0.575382177415698
0.5910151396263
1
0.101253695601934
1
0.808602523843441
0.173119613379696
0.230002876297583
0.427433927359009
0.526597639543644
0.504266145017352
0.97289020206862
0.962179682117478
0.107241372480009
0.628372149487241
0.705984771517741
0.340992216854271
0.0393288955512387
0.132657528811075
1
0.607132349243984
0.949725799491505
0.619242386918673
0.659889653036125
0.090820144160983
0.0661807853273693
0.611018822764548
0.95344950934277
0.517550747818231
0.104231210691359
0.328113366008225
0.661751171438482
1
0.507841047054223
0.740490042051113
0.212396752759349
0.805465761935909
0.192831954024313
0.930147437486944
0.990972924598869
1
0.288309413904991
1
0.474931780481206
1
0.791514806411435
1
0.898939159741674
0.288505729864067
0.223268949662716
0.192825436936602
0.943467436097448
1
0.245239397228783
0.997156412774184
0.59795570967587
0.552141990066388
0.340926074077324
0.614625791620582
1
0.357322185648917
0.685522130006821
0.412673122511804
0.347185832192224
0.929712420780466
0.559518813830521
1
0.0179493258917765
0.00773849806754161
0.477629786635045
0.777837281144358
0.164839403698716
0.118352976811268
0.722047262420746
0.296596027354134
0.461404967485647
0.698232352289647
0.104805854442998
0.104805854442998
0.0378633619155791
0.73459348269822
0.0886312454450628
0.0723402717445042
0.596461888327361
0.200718256448272
0.829700024348986
0.186810083798863
0.733327988229413
0.0503911955699482
0.921324354991745
0.42299331560247
0.0883984163918794
0.379772954265274
1
0.267131882729716
0.324993191542314
0.901414310426345
0.85319623361451
0.610270913512176
0.13023489271165
0.60101678739018
0.489288809581331
0.33360449719376
0.308602790224441
0.6308453182946
0.999161426968352
0.937829932163717
0.499385145315223
0.512441712365864
0.856105491002312
0.696802247297449
0.260645106040861
0.34317721484358
0.904295401251692
0.675684280896676
0.670212813317568
0.783737685120902
0.464262048689169
0.86490881517049
0.633547864365921
0.863816189570474
0.85346955926699
0.713876776979228
0.691368064525688
0.738336751765531
0.335543384422725
0.443541822703688
0.243619517245064
0.29709187933849
0.591035834028529
0.738680987071809
0.105269208610567
0.126508855437153
0.273142242127238
0.65926576168012
0.712167308203147
0.72495964893002
0.820109925378507
0.734133397678208
0.376539513172635
0.743339128642156
0.566661192121875
0.258984480220441
0.795534257149601
0.0960761046600118
0.335318233337533
0.277522242346215
0.364730045671473
0.546677372556531
0.614476336615706
