0.337696287391766
0.0259456840715771
-1.37057694866416
-0.134656753206651
-0.685779799243461
0.496921121982308
0.361225942037926
0.499549555304631
-0.440258088244743
0.485905951795258
0.0483496182447196
0.423354852154564
1.01156715137069
0.81562249056422
-2.09979962576177
1.06637929786753
-0.172522007465006
0.091541932110552
-0.348245916654988
-0.506336084068734
1.65254292972933
1.20324995367679
1.35729228475619
0.941741885008961
-1.53004761640539
-0.272757491747691
1.69977844977449
0.195895784232797
0.72140669976313
-0.175899751437549
-1.2698056464772
NA
-0.734824294991426
-0.162680387123707
0.998785615456831
0.972139368194813
2.96088281067167
0.294778133677449
-0.895647587671812
0.885805302048394
1.36584756192997
-1.1250158531591
-1.71461454314701
-0.49150178705797
-1.62439607739648
0.463248570736087
-0.736532808227674
1.41982354427233
-2.20844797191956
1.6272155428625
-0.378578010973542
NA
-2.10771038288924
0.916311391427187
0.621303818516356
-1.68927942814033
-0.772969415067632
1.7656081301169
-1.70697348329014
0.864002117626736
1.53027273447335
-0.767646350098306
NA
1.422503602962
1.33051259391296
-1.53358504921252
1.53178501387311
1.51565975370657
NA
0.855330397811873
-0.575320791909258
-0.555178709996315
-1.14326756083817
-0.00310230998132104
0.193184942326704
0.117762575765714
0.132590559424312
0.486215613713941
0.683517660870118
-0.308432312427339
-1.00580637924773
0.183534752687658
0.122620528109596
-1.00580637924773
-0.381806001029188
1.12165925725671
-0.3339753095014
0.290767551942372
1.17644841265199
1.28370576031259
1.4132253097064
-1.01597579220196
0.163717829973379
-0.257989141674765
0.0680752648669746
1.45441991329007
0.565675522949551
0.652998046013455
1.74772842261584
-1.75340129951315
1.24054143339965
-0.593001823949297
-2.34125096193885
-0.380064875268805
0.416175975978627
0.0610257360356829
2.14453873897414
-0.461369624651637
NA
1.71062701479888
0.829145081961066
0.298051993405271
0.415416645537258
0.591510860196165
0.104521786145829
-1.83953592112947
0.283399018877019
-0.665425805698058
0.0511118127461735
0.333736181995603
1.48962265178169
-1.32531435252815
-0.978302327127282
0.687818060615498
-0.59152639267488
-1.77029142667407
0.349090576602453
1.5475445859163
0.0368505953487632
-1.42351608273903
1.82688695527209
NA
0.0388054066337086
-0.920878822413748
-0.154112844694452
-1.89558675094544
0.461272484442539
0.716734292205715
-0.713339697274139
-0.883183572805195
-1.960519197374
0.230458828004039
0.311965066121392
0.781856642421025
0.00715826782095745
0.902857249311968
0.154850831293171
-2.67512714811023
-0.364945452654478
0.929830553734171
1.32790996538156
1.43625625542499
-0.908981431056786
-1.19617584473913
-1.44188884033015
-0.411716368423265
1.54893592790059
0.655345555106629
1.28363665631958
0.886406664823499
0.704346415418591
0.442748312230431
-0.0217835387959755
2.26713137729462
0.128626905438446
-1.97256443718929
1.36865228044446
0.262914172065058
1.33098649427907
0.31645339518937
-0.988800702298426
NA
0.594678183806385
NA
1.86708633478589
-0.0162012907439945
-0.0980342394299551
1.76999523150677
0.768562546720455
0.694947313280284
-0.839278402098494
0.683660919140631
1.31602421582311
-0.936257504633697
-1.2242973869678
0.480042822674674
1.58165927293906
1.684719107845
NA
0.118327651116439
-0.39557269532641
-0.701859030929915
-1.16947769550797
1.94148357787431
0.0507092407793527
-0.766085589024483
0.554326082630003
0.0874401377078326
-0.378292774073338
1.42623513551588
0.242029778444031
NA
0.869899067316987
0.138962760527117
-0.320385532759993
-1.70626954459415
0.618115114150457
-0.0394947109682035
-0.853092923956598
NA
0.0733086557181217
NA
-0.436458529596745
NA
1.02543078080153
NA
-2.37499188094454
0.255266448285361
-0.327802538934282
0.130130037019528
0.524975982161948
NA
-0.215097103383787
1.10638905868151
0.630876135413117
0.959651017806683
-1.35914901811642
0.805057941809382
NA
1.19225049829263
-1.35098936083391
-0.50680469371279
-0.0357747656272152
1.00830518362121
0.0150502613086602
NA
1.10085596041668
-1.40828321992367
0.00994153920592607
-0.478800564059516
1.97464308573578
-0.252310029770556
0.0756898679863385
1.17945408374578
-0.725955557404871
0.586982412356776
3.67947108310936
3.67947108310936
-1.67885719146268
1.10564468503427
-0.58799539522651
1.32545567488701
-1.51061757580889
1.6010422995946
-0.825854966619704
-0.502253494696031
0.289725479195335
0.104237991435105
1.47934860948537
0.980920202472743
0.428040488539048
0.541470130843861
NA
0.49833525885807
-1.07156647863579
-1.32002128293755
0.776097366612806
0.150722536492299
-0.200171922242338
-1.18123038560512
0.128316770214327
-0.1110884093714
2.11176882841311
-0.18868018045726
0.797252446140919
1.22892860504806
0.630719436402933
1.7130920550818
-0.283050890991923
1.47777168753187
0.0274692133653519
0.469789569724292
0.286390733647934
-0.20955624378697
1.23994280813372
-0.146105752803021
0.776671817245623
-0.427600437969611
0.686426637099516
0.263623135478605
0.894018262528659
0.628620796996055
1.23350781529001
0.589315446975508
-0.986810949846033
-1.17931121303604
-0.616272117424051
-0.328993263978306
0.81420013342028
-1.29213191014797
-0.695832586081946
-0.720512289477416
-1.30836639461317
-1.62655419341852
-2.07281197571449
-0.476940155071524
-0.489814713959361
-0.250119985383206
-1.07204338422529
-0.557137593440219
0.132931962838353
-0.632719274001859
-0.682362660995923
0.938074486917132
0.811923470969263
0.670877660554878
-0.909621111983024
-1.47262092182267
0.311248123494361
