0.1285140562249
0.130522088353414
0.150602409638554
0.397590361445783
0.178714859437751
0.405622489959839
0.0160642570281124
0.0642570281124498
0.220883534136546
0.465863453815261
0.204819277108434
0.389558232931727
0.224899598393574
0.417670682730924
0.443775100401606
0.0803212851405622
0.423694779116466
0.0160642570281124
0.108433734939759
0.36144578313253
0.323293172690763
0.126506024096386
0.387550200803213
0.401606425702811
0.112449799196787
0.429718875502008
0.34136546184739
0.429718875502008
0.00803212851405622
0.251004016064257
0.0421686746987952
0
0.365461847389558
0.345381526104418
0.0923694779116466
0.132530120481928
0.0281124497991968
0.383534136546185
0.383534136546185
0.124497991967871
0.477911646586345
0.118473895582329
0.100401606425703
0.216867469879518
0.273092369477912
0.00401606425702811
0.34136546184739
0.0622489959839357
0.331325301204819
0.220883534136546
0.291164658634538
0
0.0522088353413655
0.14859437751004
0.130522088353414
0.132530120481928
0.0220883534136546
0.140562248995984
0.140562248995984
0.196787148594378
0.0522088353413654
0.14859437751004
0
0.206827309236948
0.375502008032129
0.335341365461847
0.355421686746988
0.3714859437751
0
0.367469879518072
0.321285140562249
0.0682730923694779
0.305220883534137
0.136546184738956
0.142570281124498
0.140562248995984
0.140562248995984
0.136546184738956
0.136546184738956
0.120481927710843
0.180722891566265
0.120481927710843
0.00401606425702816
0.180722891566265
0.248995983935743
0.124497991967871
0.27710843373494
0.182730923694779
0.321285140562249
0.190763052208835
0.174698795180723
0.208835341365462
0.329317269076305
0.365461847389558
0.0823293172690763
0.112449799196787
0.345381526104418
0.126506024096386
0.248995983935743
0.0281124497991968
0.387550200803213
0.0843373493975904
0.0321285140562249
0.433734939759036
0.331325301204819
0.0481927710843374
0.0923694779116466
0.1285140562249
0
0.293172690763052
0.379518072289157
0.108433734939759
0.112449799196787
0.313253012048193
0.0321285140562249
0.190763052208835
0.0120481927710843
0.0642570281124498
0.0562248995983936
0.0401606425702811
0.14859437751004
0.0843373493975904
0.224899598393574
0.337349397590361
0.0963855421686747
0.180722891566265
0.196787148594378
0.194779116465863
0.323293172690763
0.00803212851405622
0.261044176706827
0
0.41566265060241
0.337349397590361
0.00401606425702816
0.0883534136546185
0.0602409638554217
0.240963855421687
0.381526104417671
0.228915662650602
0.387550200803213
0.224899598393574
0.0582329317269076
0.190763052208835
0.136546184738956
0.34136546184739
0.289156626506024
0.0502008032128514
0.216867469879518
0.188755020080321
0.257028112449799
0.210843373493976
0.120481927710843
0.0261044176706827
0.182730923694779
0.196787148594378
0.102409638554217
0.309236947791165
0.036144578313253
0.0321285140562249
0.104417670682731
0.291164658634538
0.0642570281124498
0.13855421686747
0.34136546184739
0.176706827309237
0.164658634538153
0.0803212851405622
0.164658634538153
0.110441767068273
0.036144578313253
0
0.397590361445783
0
0.0341365461847389
0.0502008032128514
0.0682730923694779
0.307228915662651
0.0281124497991968
0.036144578313253
0.0843373493975904
0.0602409638554217
0.349397590361446
0.253012048192771
0.236947791164659
0.0281124497991968
0.134538152610442
0.1285140562249
0
0.387550200803213
0.208835341365462
0.395582329317269
0.0963855421686747
0.00401606425702816
0.0240963855421686
0.367469879518072
0.104417670682731
0.00803212851405622
0.0200803212851406
0.0923694779116466
0.427710843373494
0
0.459839357429719
0.309236947791165
0.357429718875502
0.439759036144578
0.0562248995983936
0.469879518072289
0.244979919678715
0
0.0883534136546185
0
0.200803212851406
0
0.0682730923694779
0
0.0120481927710843
0.267068273092369
0.307228915662651
0.174698795180723
0.204819277108434
0
0.196787148594378
0.176706827309237
0.198795180722892
0.263052208835341
0.196787148594378
0.447791164658635
0
0.112449799196787
0.44578313253012
0.214859437751004
0.116465863453815
0.293172690763052
0.275100401606426
0
0.331325301204819
0.319277108433735
0.473895582329317
0.395582329317269
0.253012048192771
0.172690763052209
0.0281124497991968
0.178714859437751
0.172690763052209
0.421686746987952
0.0240963855421687
0.0240963855421687
0.0522088353413654
0.271084337349398
0.41566265060241
0.0120481927710844
0.475903614457831
0.419678714859438
0.204819277108434
0.313253012048193
0.132530120481928
0.176706827309237
0.405622489959839
0.072289156626506
0.409638554216867
0.236947791164659
0
0.431726907630522
0.164658634538153
0.0481927710843374
0.357429718875502
0.168674698795181
0.00803212851405621
0.0200803212851406
0.36144578313253
0.248995983935743
0.120481927710843
0.244979919678715
0.261044176706827
0.305220883534137
0.224899598393574
0.196787148594378
0.0120481927710844
0.072289156626506
0.403614457831325
0.449799196787149
0.301204819277108
0.479919678714859
0.178714859437751
0.461847389558233
0.35140562248996
0.305220883534137
0.172690763052209
0.232931726907631
0.00401606425702811
0.22289156626506
0.405622489959839
0.192771084337349
0.172690763052209
0.35140562248996
0.349397590361446
0.144578313253012
0.339357429718876
0.289156626506024
0.0763052208835341
0.176706827309237
0.393574297188755
0.413654618473896
0.399598393574297
0.0642570281124498
0.112449799196787
0.0682730923694779
0.343373493975904
0.309236947791165
0.383534136546185
0.253012048192771
0.132530120481928
0.261044176706827
0.0120481927710843
0.285140562248996
0.204819277108434
0.44578313253012
0.0120481927710843
