0.249301991168265
0.252388830666919
0.255284695205958
0.250804786970434
0.250975049341198
0.254515147469069
0.248470070302233
0.248457159845362
0.250468049646943
0.249085462291275
0.251335632801426
0.249548535909416
0.250701981892713
0.251107376708222
0.249599433238383
0.249501280815321
0.252882424549636
0.24910136045309
0.248744201828548
0.250124959340085
0.249271736501285
0.250955969187727
0.263042495970637
0.249308847253486
0.249176535678977
0.249752397272091
0.259186811646072
0.254258591760456
0.253514855066146
0.248722159966419
0.248470882047777
NA
0.249008784427012
0.249084623533925
0.259046933312658
0.251298197022192
0.249132317122937
0.248450032945599
0.24931094598848
0.248933772920538
0.251695316596901
0.248736461477964
0.250438113732749
0.248645586057324
0.250745624389647
0.2535968311914
0.253433134171426
0.261668917043674
0.249231746155161
0.251436215548469
0.252781554022163
NA
0.248529663626991
0.248560489541753
0.250378782197729
0.24935970633925
0.248547123808235
0.248839090048081
0.248515511564346
0.249234041796114
0.249990739174037
0.257806642987155
NA
0.249823961892454
0.248469874585204
0.249031209676813
0.249728409130558
0.248477331693718
NA
0.260986202160575
0.258738579471651
0.250131145481474
0.248455407996628
0.248909250714966
0.249871422043675
0.249631915956667
0.249415887770301
0.249040596680952
0.249040596680952
0.248454924918409
0.24845071254352
0.249185999916319
0.251917877243076
0.24845071254352
0.248692339211717
0.248659319766738
0.248920793326652
0.24851820151073
0.255336216301281
0.249663887122313
0.248637591998263
0.249688835860721
0.249333645743469
0.248656958732055
0.248453198962714
0.249105667253958
0.249952182250085
0.252999252000103
0.25218261300132
0.252368881899553
0.266748967511287
0.25728174663151
0.253352568480267
0.249072535366108
0.250540254835839
0.248822613006387
0.25100298212114
0.248683919056953
NA
0.250005909137481
0.252668510598248
0.249032619892655
0.248511896434
0.254565156051344
0.251518694856634
0.248607280433234
0.257930512251609
0.248735107610199
0.248467145947099
0.250721120151352
0.251329539191937
0.248584330041657
0.279853002459516
0.264403173493939
0.251498836468976
0.248749518978356
0.24887506791801
0.271368085080842
0.252284237510456
0.249190481418258
0.260030127008527
NA
0.25675847865037
0.269794312534978
0.248456560656703
0.248449809886233
0.254697600205791
0.249332807057777
0.255257837026386
0.25032896202604
0.248733567578832
0.249038800132486
0.250192369051594
0.252950215000061
0.249250574876917
0.250279114881828
0.249415372932317
0.248575105506914
0.248623961672782
0.24894324540536
0.249925000735436
0.253072381249674
0.255026779808538
0.250864487294542
0.25083060127926
0.250116103739494
0.252345084131201
0.250704855235073
0.25050572194204
0.248590930575736
0.253104281044155
0.249091205852749
0.248588556840158
0.24915026987165
0.249088479572776
0.250041607258664
0.248468982363994
0.249143207289356
0.248506413166746
0.251424198595023
0.259411185140474
NA
0.249873049335523
NA
0.248557941861622
0.248535327938561
0.249678881800115
0.248509973495576
0.251725914819289
0.249870352971907
0.249225404069653
0.24845492410509
0.249153080110654
0.249520770541881
0.249487321604457
0.255370882902413
0.248716432630137
0.248589966989519
NA
0.249618137335466
0.251294982717836
0.24896325309545
0.296036076718802
0.24868070144516
0.294761617941307
0.251847480898081
0.253636369871931
0.251002381645708
0.249255006008431
0.253655715218746
0.252773968483477
NA
0.250701726067731
0.248893603520543
0.253274721616571
0.248592209143147
0.251112515637753
0.253888751250334
0.248585298199607
NA
0.248599151898561
NA
0.248457300770327
NA
0.255391837217833
NA
0.250403318685194
0.262474421250243
0.248899230374966
0.248648493603506
0.263965698860159
NA
0.249134930274095
0.251424115452851
0.257148360317981
0.254415683780616
0.26259549791147
0.248713927580821
NA
0.248541094138866
0.251305213597441
0.248554497039974
0.262553172508265
0.250421050624678
0.251437413422749
NA
0.260077681403482
0.256803531673329
0.2491298193381
0.249933046028877
0.248735146823101
0.256625621614797
0.250219238225236
0.250948141523785
0.249854767881849
0.25226341943162
0.250405200856053
0.250405200856053
0.252223902351994
0.251920072480468
0.24853310337702
0.25934793352054
0.249172671202318
0.25020826325388
0.248474263918954
0.249898290473813
0.253624730424906
0.248466880716879
0.248449810337221
0.248744139282308
0.248573619412496
0.248799012254266
NA
0.248489310531402
0.250244200959973
0.248500276597999
0.25124251896187
0.248951013785219
0.250155883850321
0.254585293197558
0.266535115942136
0.253623748567148
0.256241417150126
0.249241970530426
0.249306692900046
0.248734732185488
0.249784188324777
0.248837639998066
0.248817668283332
0.25168444994798
0.248947674338765
0.249080657407164
0.251163974049207
0.24854103320482
0.2494904651129
0.248483076871439
0.24851473390022
0.251146670496903
0.249824266177635
0.251281914176815
0.251748340350459
0.248452403905513
0.248624101884705
0.249038268374965
0.252975064432564
0.251384134450909
0.250525375019841
0.251711961727725
0.251403923519223
0.250167365805383
0.25413369790793
0.250551003770818
0.251039399548227
0.257785293758466
0.248480031678906
0.248462084757144
0.253976790234991
0.248523707944448
0.25095967181469
0.248532389037515
0.249549954741886
0.251374802410985
0.250718042657401
0.249924178270515
0.248520370678617
0.261051597983553
0.248676002699061
0.253271733897538
0.254889256216063
