0.137207796627798
0.0113158215824249
-0.520878269804873
-0.0431303637809037
-0.243975908471839
0.142946875614991
0.343294621934831
0.263150131685819
-0.147200690462414
0.149455545582118
0.0172625606644985
0.120999392108811
0.345086921521762
0.223245177279054
-0.584184488074623
0.617633540611934
-0.0476049506408245
0.0957344251948484
-0.149231848903668
-0.153252186806521
0.479582376310869
0.479325406474084
0.378687359075485
0.268480516834133
-0.778187289432632
-0.0761208746089466
0.4950171222122
0.0607294203604063
1.01359221605363
-0.0605401918842077
-0.831561907069099
NA
-0.207577040752735
-0.0478299601362018
0.519504911530614
0.414995503475515
2.23808438049196
0.0849246154216807
-0.258470886748071
0.389086163789457
0.404565088010571
-0.48353171059621
-0.822310501321112
-0.15850832941984
-0.494596853181974
0.707142975017524
-0.225734062283944
0.90168421995788
-0.704741553608429
0.534787271517125
-0.136393027928982
NA
-1.15952996724744
0.330966629667586
0.2711092979209
-0.698027511082778
-0.733467286808481
0.720062910329396
-0.70036285486437
0.302275663164529
0.875397123770824
-0.306954131073127
NA
0.490360106511089
0.401092528858197
-0.451434634708161
0.442385623059012
0.454940556360208
NA
0.272250554506259
-0.174331149195773
-0.303812285561676
-0.351890629475708
-0.00134525628979532
0.0832164575547694
0.0502353254375123
0.0572896257471314
0.202249346271341
0.284725390837357
-0.137150894562879
-0.387267560262023
0.0729451309948228
0.265060475007886
-0.387267560262023
-0.117004282440082
0.466936097874775
-0.106575792065238
0.102952226092299
0.342251100359592
0.440542701226384
0.492191735894224
-0.366482175029915
0.0480134598524842
-0.0750610393955231
0.033317342937508
0.59162549760128
0.167627414545308
0.275127268933034
0.554498861176469
-1.39664278864919
0.350289834470667
-0.263717953217636
-1.80581062545673
-0.105624685510247
0.120907840589897
0.0383733928049708
0.966441421643639
-0.200167883228076
NA
0.538696063434754
0.221253624762241
0.147998732410684
0.178571537887851
0.169126742150034
0.0722989677499033
-0.650882533406893
0.343892639858572
-0.326535239527928
0.0257373330807518
0.22685558000438
0.615933490805484
-0.785936959984468
-0.319502266336167
0.199317863068156
-0.245625377287695
-0.601846220981287
0.121808957786541
0.500502356544366
0.0105236720277553
-1.66112641212373
0.59801535222428
NA
0.0106022490831386
-0.281897773506635
-0.325801295788551
-0.909381548384729
0.324196861368989
0.234904123241169
-0.196440393015788
-0.291102586600992
-0.550038269932326
0.0825849968134946
0.196091000501411
0.284431862017817
0.00288191224554879
0.255383957961069
0.0485493515360833
-1.97582411309134
-0.121933211720155
0.321027388666355
0.443972644890659
0.553084816884279
-0.38894014478241
-1.05027923655143
-0.590143595894577
-0.137376909834096
0.684531490749697
0.200569549787414
0.717142878403618
0.63933546550019
0.333752477127257
0.133571897829238
-0.0102423811452184
0.99165917811446
0.0373498481256611
-0.70385890983424
0.524119455326423
0.127630438304607
0.510145485065643
0.139666813522837
-0.900627825048357
NA
0.185862375312103
NA
1.42982111911238
-0.00955130475614396
-0.0537319561936158
0.530560660826772
0.528848990710939
0.431151451045951
-0.380378941893724
0.386864888897762
0.417952227373519
-0.301724812162048
-0.397820980000398
0.353093673305369
0.622249068673803
0.680757368649502
NA
0.0355082733613443
-0.12943814451623
-0.200905835073744
-0.540499510337625
3.96105463503022
0.0586859539641864
-0.217433199036449
0.232723074578839
0.131016734855755
-0.316730413515188
0.771211330154435
0.063995992765923
NA
0.237533035872662
0.0431201866831028
-0.0955783101827734
-0.483334681572348
0.328945915193572
-0.0108721658357229
-0.266064760690004
NA
0.0362553159031913
NA
-0.148068609731141
NA
0.543606583505849
NA
-2.9808407803645
0.0792860049267787
-0.09570884479594
0.0514334966175696
0.172341534028075
NA
-0.0738851465524419
0.436936115922284
0.215413536545476
0.306588206102038
-0.439505511658027
0.22531196946564
NA
0.540666892943065
-0.362090732615144
-0.208389410409742
-0.0148992586089634
0.289008059164075
0.00497862271360283
NA
0.340889464809043
-0.454860999447298
0.00300117847400472
-0.141875294030541
0.605344871892981
-0.0905545786060955
0.0526607036216769
0.537579976423032
-0.395529400521397
0.165164248934765
2.79069569785717
2.79069569785717
-0.997038798391316
0.399299935833675
-0.180401217469875
1.67212190655766
-0.428849032090778
0.465469973322509
-0.26490577311499
-0.150816071080371
0.121975914351138
0.0363747781226564
0.419490517127791
0.520257312476716
0.131254897432786
0.171058067886799
NA
0.155933085850187
-0.384665011764021
-0.827237025866708
0.229716683003605
0.0519636281551623
-0.230664686975615
-0.95433373511861
0.037660614921867
-0.0353307628361037
0.960364739707297
-0.0583496025962162
0.270509110116791
0.361601872853221
0.196300794696063
0.653842812369852
-0.335540526417049
0.716402363287331
0.0082342300828806
0.133261541363566
0.0889913322326628
-0.0661384095153963
0.438629546793663
-0.038033689615915
0.224008570162788
-0.132727872328598
0.237386438820936
0.0848762210868745
1.67338100205451
0.22127542247766
0.352075067092215
0.20867383382614
-0.336646661887784
-0.336216125840863
-0.193078504019875
-0.167997800695616
0.2334974615899
-0.372014118790414
-0.355138441459218
-0.26946225404253
-0.350268867599034
-0.429109948567689
-0.60821070446806
-0.246300658855347
-0.222683613116513
-0.121969177264106
-0.309367043845876
-0.17239980954735
0.0375793485252522
-0.204152071128995
-0.292358572718645
0.300828960279256
0.935153517152118
0.210449789847441
-0.332180789234982
-0.413152549800184
0.369095687692839
