-1.03442230794541
0.313682653738668
-1.28770044967743
0.574720452993704
-0.613952114333203
0.534103121557664
-0.648622129840527
0.565754064112161
0.647350680018525
-0.0774468276152274
0.863687774043106
0.797180644038332
-0.348661851140449
0.34861578180337
-0.97203927199282
-1.20426550466171
1.04575464372583
-1.17007980117009
-2.00584005324399
1.32061507449363
0.193609236151977
1.51173200869866
-0.172650966028717
0.254447185974589
-0.22319221868467
1.19296117421209
1.81344553121333
-2.11861527786529
-0.0677672053727415
-0.315175679105494
-0.7424457432328
NA
-0.0335937830328914
0.362714629158868
-0.988470421142403
-0.403113518529374
1.03190965112634
0.441994205517899
-0.134703909300944
0.168768041544435
0.406247155627146
-0.0514217817323748
-0.62103253527982
0.0622519620405299
0.286525539673642
-0.48277204146895
-1.08534441335288
-0.451631648791534
-1.8509613056061
1.47461412026598
1.2229752725376
NA
-0.839522620560072
1.02769007398447
1.07475803265706
0.0176629524143897
-1.29913914941534
-0.150043115896522
0.118705941081749
1.01127699344987
1.81531362331814
0.0643685865555086
NA
-0.213310671440464
-0.618429599066171
1.11282871379376
-0.452052949108039
-0.813837931149338
NA
-1.3369681093712
0.950047407161952
-0.46053997266885
0.162197912807041
0.237433123759356
0.15958918705434
0.28005187360916
0.136521723159908
0.301906351368036
0.405884585339159
-0.197806302860455
-0.904147724695503
-1.79944636285929
-1.42678816892189
-0.904147724695503
1.24581670160066
0.56329951886577
0.9320910406058
1.04141634935187
0.863464702219958
0.323610106914982
0.510686180569928
0.0595910100202893
0.194339482384645
-0.917799929500344
0.853604383398731
-0.225361437448919
-0.304479428011528
0.604505012084724
0.342334644000799
-0.204022311993259
1.26377768563369
-0.193733365859311
-0.692986748868479
-0.525682012986157
-0.686615296836272
1.41038509797586
1.37853627715686
-0.910489520202818
NA
1.16487562233356
3.01802125878109
0.768072325537732
0.170675035700424
1.44300045178741
-1.04517297626386
-1.11009030932746
0.514047603275036
0.379981983229384
-0.131605058541021
-0.0945549750468409
0.0530757179772864
-1.02194413390242
-2.18076685422057
-2.07367285771722
-0.598132993725869
0.412295182623436
-0.925345637266958
2.67946497365103
-1.6847302730745
-0.593139511326599
1.44896956272439
NA
0.610309112080124
-1.12220532999068
-0.195392719223549
-1.00867965182502
1.33773115360151
1.609300142812
-1.0694558810711
-1.28144489091991
0.792949168512487
-0.181172597254774
0.49446227118041
1.09645158744391
-0.612452596264409
1.67630952794811
0.359611616867177
-2.11720656433375
-0.885909705217996
0.561553240573176
0.670817103711139
0.788309587891797
0.76642777180041
-1.7294794791488
-1.03917824463269
-0.0408712820512544
1.65821199493134
1.41383864473283
1.2698329706472
1.03451217407842
1.18041615525569
0.0076761174411696
0.956590439676175
1.68704093386918
0.115759203274114
-1.02752177097452
0.405460267128669
-0.165040993707574
0.276025703755613
-0.56080740688598
0.537991161415581
NA
-1.64427554361115
NA
-0.242460835573745
1.36576831637371
1.2030016816827
0.794759327923801
0.634009784937024
0.668664840243401
-0.0340143535196432
-0.0474614154552542
1.61595959653901
0.484558973937992
0.37764332499195
0.953847992877802
2.07053226297556
1.50814330205242
NA
0.514758396089815
-0.0631082750378437
-0.497484091276942
0.440539982342695
1.69699885416109
1.84448049689125
-0.509198002968924
-0.0584284146278597
0.647955021235818
-1.63003236592748
0.979650760852949
-0.437967495449368
NA
0.663063855187096
-0.3315364001664
-1.2498843569809
-0.246515538601644
1.30542337427472
-0.0877390994413212
0.0113242196832036
NA
1.06388042202803
NA
-0.715453017212014
NA
0.264599464877444
NA
0.127118092295778
1.06344644346072
-1.22061740068745
1.30544255019602
-0.0709767999497441
NA
-1.16446038810319
-0.00356713363153825
0.5279514366715
0.595280504990488
-0.953978885740224
-0.5040515873696
NA
0.922016769486665
0.405365012130874
-0.820435878915654
-0.941662749103309
-0.0882869296494448
0.584263124361905
NA
2.38084208913848
-2.68285810334365
0.711085180404638
-0.282413613538988
1.3926601261461
-1.56658668454863
-0.356085931923712
1.04573293293471
-0.737562013005144
0.388110511318103
1.62732104094445
1.62732104094445
-2.0863303026321
0.339362936530548
-1.70867537135682
1.8038556498519
-0.530107754283121
1.28256066452559
0.215289524447768
-1.32335049364441
0.341045339524687
1.96519137475033
0.0988556845041634
0.802428020680252
-1.70993107660233
0.879721119924787
NA
-1.11193113240204
-0.986000771472486
-0.123988491042542
0.185214633428316
-0.510266808541374
1.51768250614936
-0.523540461957172
0.692363920657144
-0.968570411694864
1.02003313816469
0.48107169617746
-0.00105194460839828
-0.0780684935285759
-0.676346291008039
0.655886265887391
0.181503036645155
0.390046049329462
1.12717227997809
0.949533154900965
-0.120347147816383
-0.418803520786171
0.426310350999403
0.274717995743839
-0.732862425519634
-0.170286907213747
0.477267680835911
0.171677801682226
0.184865819536425
0.367030126523031
0.3974142587352
0.334392088180251
-0.96468631325784
-0.767325042979274
-1.16847585733728
1.04465792659177
0.537961145946464
-0.333935381060139
-1.62514343902249
-1.53262786829724
-1.09803613950317
-0.441402809855491
0.369325469376111
-0.352195239285551
-0.227619564074566
-0.339974481694472
-0.885714731503556
0.327762108862017
-0.573663216225921
-1.13111631827302
0.259380603675846
1.66986287392468
0.965136602336288
-1.08804222365114
-0.907881397971536
-0.60348885950843
-0.504264562895246
