-1.78420351240906
0.580176907485727
-2.10107768279442
0.783209124180022
-0.948131993742365
0.659079460786705
-2.67495637239995
1.26545633846227
0.934535576174376
-0.100693449275138
1.33359953975578
0.980909726911037
-0.511864411478236
0.41220130446292
-1.15020659122585
-2.97862639197275
1.22121383166228
-4.74668094409185
-3.71019826214047
1.7221996942859
0.241077198696935
2.60278434059228
-0.206963556607079
0.31335004004959
-0.481970962197524
1.4363172413237
2.26961373931391
-2.84702266583253
-0.413565811407192
-0.464038109471783
-2.11393116352742
NA
-0.0405940804764313
0.454812931572175
-2.19307394251448
-0.729375342154859
3.39012660384788
0.544951234781449
-0.166750708764642
0.316199818210976
0.516596423981149
-0.093741476801263
-1.27581915681436
0.0855476706884506
0.376502869589398
-3.20833011371928
-1.42392720394732
-1.20371259923763
-2.53441463835175
2.10008474447183
1.84594338076369
NA
-2.00987726604166
1.58051022175598
2.02146480965496
0.031484741433367
-5.35168366975196
-0.264233909501236
0.209853409134833
1.52054374462582
4.49704062909126
0.111113014213615
NA
-0.317853223426431
-0.796196313250674
1.39853206107363
-0.556349080133833
-1.0445655700398
NA
-1.82110386807388
1.22622480539156
-1.09296313744682
0.214429801727402
0.441383412895213
0.294755802687867
0.511887061453116
0.25303161921137
0.539007994956097
0.724826920866922
-0.376239265301606
-1.48060328397616
-3.11317340066416
-13.4430739062861
-1.48060328397616
1.65038301797561
1.00407874992945
1.2738271449593
1.60245355480384
1.08118463073964
0.481631603056847
0.771701425384776
0.0924678527901079
0.245155804964414
-1.14979183336473
1.8181041166674
-0.398907588679185
-0.389385068519569
1.10282925917689
0.467717625231963
-0.706926067105911
1.54171582547283
-0.373859532438615
-2.32786776279104
-0.626337527814924
-0.863385694245011
3.83418576735286
2.69137712408371
-1.6965378115603
NA
1.58971422461432
3.46249794534583
1.61918606322546
0.317337956273779
1.77368962268793
-3.08269092099434
-1.68064034063319
2.7155499193442
0.802575614107511
-0.28767555939886
-0.273656743372538
0.0932832707380706
-2.50727401649925
-3.09427674395636
-2.58409812724674
-1.0668690652375
0.603227001649763
-1.39750705288528
3.7607688149893
-2.06632258535292
-2.97771449777813
2.04075182594861
NA
0.719301323620254
-1.48101823101647
-1.79839596259467
-2.10419314789139
4.08960795453361
2.2867029968521
-1.27478395976308
-1.83185354348139
0.9610338851483
-0.272484556566019
1.34207773791636
1.7058890638041
-1.05568604833792
2.05435517230318
0.486491567948903
-6.80391528692298
-1.27221230645963
0.832223492265825
0.962893136775785
1.29213385382354
1.39174586084969
-6.609519286882
-1.81098570726588
-0.0584567218582706
3.12457818861575
1.86775191154464
2.92127595461575
3.25086355814314
2.42477795171177
0.0100669639960174
1.95004015024915
3.17401836912897
0.145935824061524
-1.56786383449333
0.668787996492749
-0.347661173685196
0.455596046995937
-1.0670975562902
2.12584448334532
NA
-2.17575051087703
NA
-0.806102347927975
3.47894747025137
2.83947247517449
1.01241347272152
1.89455862712256
1.80283095981738
-0.0660309015624758
-0.114103451947301
2.17759916501089
0.664792609208023
0.523204782586589
3.03553916031055
3.53398399159429
2.64252453777237
NA
0.665179592223144
-0.0894849262519255
-0.612608938186394
0.865328435040851
15.0540022907187
9.30294545327007
-0.619969759699298
-0.106572162604039
3.45826297051319
-5.51671264375096
2.22387040745406
-0.499810535592751
NA
0.781843395665723
-0.438528921547599
-1.61342770675807
-0.301236051216893
2.92759895493154
-0.103718795413071
0.015176501281065
NA
2.21022381026276
NA
-1.03697739569315
NA
0.606639640002783
NA
0.695046174253288
1.42758882604252
-1.52747195745953
2.19683278476024
-0.0996768531077787
NA
-1.71445240086888
-0.00600143893317373
0.784251934382119
0.824793625227517
-1.31414934634703
-0.6111575108003
NA
1.80256317433799
0.466897446707145
-1.43346087685498
-1.67418387270251
-0.109798152927752
0.824767269021697
NA
3.18456845473357
-3.75352652264027
0.913021343047442
-0.35743605508976
1.84111913063757
-2.40984764087275
-1.07586159175033
2.01891903491533
-1.73595342060111
0.469603706874006
5.35417283284136
5.35417283284136
-5.37753241829977
0.520802983472677
-2.23073279477351
9.90391317864146
-0.648514087441997
1.59947589734909
0.298692353757131
-1.7150051567177
0.622419767129809
2.96841691325448
0.120424598968205
1.84954974695655
-2.22326164505684
1.18901660530882
NA
-1.48573582028705
-1.53461820125924
-0.337710451501829
0.237565019618948
-0.762198841049285
7.59954776465537
-1.83184503676145
0.873644772457467
-1.33247809712142
1.98960129140924
0.646587727530072
-0.00150360248114723
-0.0980123871192689
-0.905718383475778
1.07716799376713
0.932600200870183
0.823449370377322
1.43831375490359
1.16343798586976
-0.161098593515641
-0.556420542669333
0.647848508992816
0.309151752369857
-0.918402300575984
-0.227691211708386
0.715228103717676
0.23760476902844
1.48705738294351
0.554559035888275
0.486641129117681
0.511162315011198
-1.40545560330738
-0.943219221576479
-1.55660613127882
2.23636371238815
0.663527839498663
-0.414553213851814
-3.6031257621038
-2.44122152489319
-1.26896770517133
-0.501309500574155
0.465317676081323
-0.772675100895185
-0.449069325222041
-0.705853091439494
-1.09884941865334
0.436258363036702
-0.696579183509771
-1.57003909935705
0.477133480066845
2.31477432879372
4.82695965685228
-1.46423347442033
-1.43165382896314
-0.728658155600968
-2.58032965806461
