0.248152323146076
0.245514400678143
0.249749094705341
0.246144013220183
0.246270620547891
0.246021739326979
0.24638946279756
0.246116250433301
0.246384989219517
0.245263543683121
0.247272485233451
0.246972594299522
0.24557730111774
0.245577213905469
0.247812496634479
0.249184612843674
0.248216323093488
0.248964244958559
0.256170525242059
0.249982176813771
0.245349027644258
0.251451798475368
0.245328187291445
0.245423033686567
0.245382503453625
0.249111040625604
0.25417556273168
0.257433341626302
0.245259727520276
0.24551694973727
0.24674380295851
NA
0.245250323377512
0.245604441851897
0.247899954089315
0.245688438248053
0.248138227234334
0.245777646679599
0.245296522392552
0.245324588086782
0.245695323989343
0.245254438293196
0.246294360538371
0.245257780672651
0.245470147400875
0.245880026896939
0.248445381647207
0.245801028453832
0.254548793555123
0.251150856125712
0.249307906622007
NA
0.247160742894014
0.248114632686502
0.248383297351473
0.245248106461372
0.249829429939379
0.245308380680589
0.245285515918225
0.24802377530539
0.254193966905746
0.245258508298159
NA
0.245370793046941
0.246285601494695
0.248609405301873
0.245802062092073
0.24704545019862
NA
0.250100166795208
0.247697735474555
0.245823089822779
0.245318684484344
0.245400312690992
0.245316405418053
0.245460189462068
0.245297860959334
0.245494719109678
0.245694524562736
0.24535348773647
0.247466675340835
0.254038248008475
0.250774125029091
0.247466675340835
0.249461003971297
0.246108726490276
0.247605980433994
0.248191739976336
0.247271439224745
0.245531577259676
0.24595531628191
0.245256900440088
0.245349796780986
0.247534205627413
0.247225473021877
0.245385145118101
0.245498955165099
0.246239369198743
0.245565431197523
0.245360269027869
0.249583379213367
0.245349158180439
0.24655105581213
0.245997509685233
0.246527191322535
0.250647776286243
0.250406625028641
0.247497919004723
NA
0.248931254320976
0.269976142007411
0.246848896618648
0.245326345509437
0.25090043975512
0.248213021119311
0.248592878792295
0.24596466805771
0.245639259316289
0.245294281885294
0.245271532746847
0.245254907521893
0.2480826586581
0.25815880935471
0.256921815898213
0.246218564001117
0.245708764469113
0.247571964543629
0.264739244578314
0.252953111432805
0.246202413926083
0.250947306343313
NA
0.246258511961693
0.248666302408935
0.245350911209549
0.24800953133617
0.250105707749575
0.252278533134637
0.24835243136565
0.249705461744518
0.246954326580793
0.245336373247158
0.245911042601796
0.248511174334133
0.246265627733563
0.252876272012339
0.245598356624749
0.257417141430095
0.247378040485042
0.246103393521558
0.246468969535357
0.246934408771403
0.246842045288555
0.25336790826961
0.248179097627445
0.245251794655141
0.25271243470366
0.250674256674147
0.249625031070425
0.248152827926721
0.249030205891465
0.245247419427033
0.247731604850188
0.252974263567147
0.245283640147785
0.248113693593984
0.245693589895414
0.245321210372133
0.245454111088624
0.246101120862288
0.246033056125689
NA
0.252587479803334
NA
0.245406863207753
0.250311495848171
0.24917635302628
0.246962129327233
0.246338578725469
0.246461142591826
0.245250400574021
0.245253375086368
0.252336845841759
0.24588471981699
0.245634448916888
0.247717380541768
0.256886480251437
0.251422375480689
NA
0.245966653404691
0.245258072114723
0.245919180583273
0.245774162323747
0.253065751540882
0.254483772281355
0.245951195633857
0.245256527926609
0.246387114490902
0.252460864467258
0.247852827761951
0.245768026702595
NA
0.246440891890216
0.245545675615541
0.249488565075779
0.24541224599023
0.249873867110762
0.245268159453495
0.245247607613422
NA
0.24832013900037
NA
0.246636962924889
NA
0.245437340069188
NA
0.245291130162614
0.248317632530957
0.249292264022924
0.249874003036191
0.245260936514729
NA
0.248928628378602
0.245247294001418
0.246004001483797
0.24620932181337
0.247718058518567
0.245937038309104
NA
0.247555268693021
0.245693380206749
0.247074724975706
0.247654672913577
0.245268421261409
0.246174039888911
NA
0.260636638115748
0.264788643030216
0.246620046456114
0.245463795977994
0.250512887588758
0.25191024336442
0.245591505956554
0.248216199813994
0.246724179499611
0.245656209926414
0.252436886831507
0.252436886831507
0.257064770983614
0.245559931260566
0.253173714885091
0.254081382922244
0.246010195646329
0.249713228773903
0.24537309568566
0.250001812205997
0.245563039106798
0.255732287620373
0.245273791040494
0.246995382807326
0.253185369467541
0.247348375018282
NA
0.248603983834098
0.247886715367524
0.245288996592061
0.245340393935658
0.245954153856466
0.25150073936709
0.245991409318911
0.246548713267371
0.247794220476363
0.248072064400588
0.245875577474345
0.245247262459663
0.245263806159447
0.246489192344258
0.24641518989258
0.245336698611604
0.245660299034505
0.248696635177933
0.247695083350532
0.245286581084857
0.245723449762167
0.245740673671328
0.245452155757898
0.246705418224432
0.245325986222582
0.245865680065839
0.245327277547025
0.245340043466486
0.245612991765791
0.245676051572478
0.245550838569542
0.247773834117717
0.246845781564928
0.248954061465552
0.248210098850488
0.246032968446189
0.245550009889276
0.252417658085794
0.251624507938353
0.248520614933575
0.245776228295137
0.245617580522782
0.245584024390361
0.245387922196765
0.245561059169342
0.247377102690651
0.245538919805761
0.246140716977573
0.248720816523736
0.245429915856299
0.252817706414763
0.247776193339533
0.248461300373054
0.247485043320391
0.246236036595933
0.245937621332959
