0.193862941963474
-0.453794393742645
-0.528842199001252
-0.257098166988804
-0.298563155078639
0.375418403748838
-0.0754971518650507
-0.0252013896075125
-0.249505467073143
-0.127415255125614
-0.320488038522985
0.157071812710921
-0.27092343042581
-0.235840967309594
0.14152309281775
-0.297896024711839
-0.285911202587098
0.432671264982929
0.119826163396624
-0.20921854956736
-0.137621394226203
-0.333865214261122
-0.554582067565926
-0.137494460328177
-0.224534650187383
-0.167351693388325
-0.491881844744661
-0.394265431767451
-1.58128377369234
0.092308290930319
-0.0503914214240626
NA
-0.109679764233618
-0.121850225801131
0.869396070653442
0.375628438592543
0.333330200699251
-0.00234270269288395
0.141100317787908
-0.148658514799692
0.281711365271255
0.0983596317864368
-0.34211840774303
-0.0746539763310547
0.246168649063181
2.41732653478797
-0.357598699026338
-1.16477060578885
-0.150279040593397
0.299305722796035
0.381470569228426
NA
-0.0865952278831603
0.0610158129085221
-0.323613940607531
-0.20647320397102
0.149773508831374
0.13332706714468
-0.0549538453701413
-0.163340646238478
-0.359907226605195
0.6459496015271
NA
0.207233536425466
0.0218131850810348
0.113335104925129
-0.153395092447926
-0.0255037062907544
NA
-0.587673162810622
-0.518247730397644
-0.365825669023693
-0.0120034181473301
-0.14784969375031
-0.258504927441074
-0.233102618107146
-0.213851355411968
0.159808098993541
0.159808098993541
0.0158689535668444
0.00603315274413241
-0.184040029106243
-2.04277283563999
0.00603315274413241
0.0783180849865328
-0.093615162254006
-0.115929442971049
-0.0481639129489331
0.398220251158105
0.204640834699138
0.081376952373617
-0.204129566018533
-0.143674007374294
-0.0698517763187576
0.0147136509808754
0.180100319094598
0.189185353006133
0.493376111591814
-0.31963616820725
0.78887266866127
-0.637742318464595
0.703977144148226
0.858379618146316
-0.116149347026036
-0.224898631339268
0.201868245943984
0.384132871988371
-0.105890230690349
NA
-0.209192696751332
0.27977787467421
0.192894600658491
-0.0571397844734189
0.367545953008338
-0.800319514470656
0.0782434667849934
1.885354375769
0.151502583705053
-0.0379749476228133
-0.582392924455196
-0.373323405675895
0.108306501204879
-0.998638881414974
-0.617888582327259
-0.337059055507407
-0.101746783582676
-0.116131859628954
0.835891131491167
-0.294681493643845
-0.474379779478128
0.58454867896851
NA
-0.419174933340713
-0.745987218331777
-0.0878145979108922
-0.00103873930125786
-0.905724902168756
0.162685207566939
0.380792077815636
-0.238698380590559
-0.0799448892366428
0.147005374326962
-0.419872231608807
0.396570194078672
0.195073086572233
0.205817638889616
-0.161995876221666
-0.152188181701198
-0.0761657077677
-0.132860241831996
-0.21187217171477
-0.435342467895449
0.616242140820233
0.6848526011768
-0.322365341131015
0.198031390064969
0.463740620103503
0.238594681498767
-0.229210220621226
0.147010278046392
0.520113932524616
-0.128382754395222
0.0965508049240498
-0.182978670236814
0.122213986671795
-0.241072648474776
-0.0274290346993444
0.216369602829673
-0.0470132127537761
0.401110204338501
-1.5275868626557
NA
0.19534195991322
NA
0.128303146396874
0.0892667225774062
0.322903960910885
0.0346314436943995
-0.694731179108525
-0.420677919677406
-0.216293164939584
-0.021331414960386
-0.139089194794163
-0.173390808741269
-0.172936961379146
-0.948713923535934
0.11037939619461
0.0796980438870776
NA
-0.172651001429676
0.292665116044389
-0.105811454163092
1.69270636003614
0.491616809003517
4.00666578393549
-0.27541201042909
-0.517295041430868
-1.20828364973542
0.408797051146678
0.631187024532697
0.287711111258986
NA
-0.216761422124627
0.108425584893579
-0.344975441278237
-0.0564288532358379
-0.475237854460182
-0.336713973665538
-0.060295896287613
NA
-0.0939684324043946
NA
-0.0159207252254454
NA
0.741483341013996
NA
0.890058056302896
0.596903911569145
0.104568544300328
0.0911236944370124
0.677790632177198
NA
-0.153449388307596
-0.357442270666542
-0.535930362408571
0.414930426489949
-0.516933093309911
0.0771583093763777
NA
0.0688474568207695
0.238797059757355
-0.0676720245124303
0.778531258053491
-0.212971171368531
-0.298374386050589
NA
0.559772436227838
-0.497460229089407
-0.128847416814139
-0.187689115892622
0.0885605787796244
0.529182862864687
-0.536747351059047
-0.371876018756517
0.34601111598861
-0.293086152172117
-0.627255242464692
-0.627255242464692
0.609505501765
0.344482686596223
-0.046452686165563
-2.11046865318298
0.115249747426276
-0.20180013021187
0.0269041120313531
-0.195415157950044
0.505987170172804
-0.0248185185253291
0.000621486243401748
-0.154040484225462
0.0557047225618437
-0.0992062301685062
NA
-0.0322019824002844
0.251038082546525
-0.0752311799851704
0.263490534062541
0.129010053490103
0.968476244940007
-1.09999129603341
0.657928518205583
-0.372558222219535
0.659733124095146
-0.146215586626507
-0.165333874595888
-0.0826321788312683
-0.187915110142066
-0.119711240576148
0.364177342647451
-0.457300949998124
0.111152459393502
0.117882910898747
-0.269189649000512
-0.0492618680706531
-0.191367567626372
-0.0251236666304893
-0.0387601988690207
-0.260894405580638
-0.218071446133233
-0.284873133746646
1.67954597018414
-0.00936374888008729
0.0621084371596892
0.142022945265374
0.315584711636756
-0.263234280489524
-0.238896163778832
0.467170265195215
0.260525324697642
-0.201081451671135
0.62889291078492
0.280542197452721
0.224098555152434
0.382353684487505
0.0273854270953695
0.031516296792816
0.547473958521737
-0.072072876706784
-0.237841656643838
0.0472579711682686
-0.15583159729503
-0.284302866558953
-0.317179801437378
0.200961358332743
0.200402342601494
0.590469349355722
-0.0894404736670928
0.328531565685166
-1.45408405709327
