0.490122180361875
0.489910360718497
0.493418978901891
0.489942982736644
0.490787830579195
0.490370484051055
0.490152908010838
0.490375377853281
0.490271262183943
0.490350256036885
0.489913470791394
0.490243986608309
0.491821043362242
0.491152080535998
0.498147460411921
0.492033855349513
0.489964715601908
0.489924760503829
0.490135701387899
0.490388132875761
0.495011690011933
0.492614285808407
0.49335126793032
0.491566202839906
0.494283264466957
0.490048110430396
0.495307558882731
0.489980805541491
0.490881503621859
0.48996691455985
0.492921827511632
NA
0.490918011776632
0.489958551658453
0.491773032418498
0.491674904841646
0.506289610814818
0.49007146156728
0.491407956618407
0.491375195763042
0.493394797959245
0.492273945349509
0.495402208310078
0.490360475442109
0.494839351190349
0.490310074036219
0.490922708785328
0.493675739086684
0.499022058856604
0.494856480914634
0.490176893735181
NA
0.498209651497141
0.491477915612516
0.490630364775338
0.495241075556024
0.491025476478921
0.495733802964205
0.495353358121392
0.491303911262953
0.494284551714789
0.491010153576679
NA
0.493689972311001
0.493216778478563
0.494303513757744
0.494293203990289
0.494201386059825
NA
0.491276053256154
0.49052755357965
0.490485007489163
0.492351299878832
0.489909120890826
0.489978834803743
0.489935014823607
0.489941950998889
0.490350818499037
0.490782042934048
0.490086850884934
0.491799328756883
0.489972042155895
0.489937196760145
0.491799328756883
0.490181479904568
0.492259854919067
0.490117510554148
0.490067073704038
0.492495115900318
0.492988146987528
0.493640811647867
0.491837745024852
0.489959184357072
0.490033464932094
0.489917761825689
0.493861536215568
0.490506990720034
0.490705828357324
0.495616430806042
0.495653541278889
0.49278456386019
0.49056615073706
0.500151010755998
0.490179001361673
0.49023272558034
0.489916061333557
0.498502259338341
0.490306827937822
NA
0.495376688354477
0.491193638033437
0.490075087963554
0.490231545731514
0.490562850905838
0.489929515519685
0.496231786837022
0.490059168667778
0.49073644325585
0.489913984118132
0.490117212219763
0.494055180846683
0.493190983145379
0.49169736470825
0.490793061816313
0.490562885239816
0.495764744118045
0.490136801936486
0.494383878564064
0.489911640220518
0.49369535636223
0.496145134056968
NA
0.489911916553773
0.491493594348377
0.489953480384353
0.496622962513895
0.490306660475452
0.490868948321426
0.490859877817985
0.49136653017845
0.497090800681588
0.490008339450515
0.490090946020088
0.491051295099013
0.489909198649738
0.491432184275576
0.489953906414984
0.503280407557195
0.490157954738463
0.491524549304316
0.493203850782697
0.493763431997371
0.491452916816147
0.492582570861129
0.493793722421715
0.490225827068159
0.494391928402574
0.490711567063961
0.492987815496435
0.491377187065055
0.490836055543951
0.490275370720823
0.489909989536825
0.499512796638314
0.489940016435914
0.497179319082306
0.493409128154582
0.490038258412552
0.493219135145953
0.490096216116393
0.491735951095827
NA
0.490569870811452
NA
0.496422592552376
0.48990959334616
0.489927060185608
0.495762784816309
0.491012783383749
0.490811481298993
0.491225227550303
0.490782408890893
0.493145134014887
0.491546958281892
0.492709752478836
0.490339674019257
0.494583340566518
0.495212326395844
NA
0.489935264093197
0.49020147609342
0.490829520076987
0.492464561292389
0.496952016644866
0.489913907529195
0.491005680865933
0.490483239932371
0.489923388774765
0.490176490357025
0.493709834393544
0.490018554613496
NA
0.491323015807665
0.489945184176155
0.490100895010676
0.495348868735086
0.490622980339717
0.489912017399696
0.491268910951237
NA
0.489919144335168
NA
0.490265038073114
NA
0.491873809153586
NA
0.500448340250692
0.490030853869091
0.490109877870062
0.489940743167333
0.490424051406133
NA
0.48999555072897
0.492196284625733
0.490652760686749
0.491629828360909
0.493360691919787
0.491120089134481
NA
0.49256505325441
0.493319373061677
0.490389019962208
0.489911494232649
0.491808732498906
0.489909526134759
NA
0.492173465244979
0.493614757496932
0.489909287576338
0.490337448432028
0.497194649569337
0.490028050034897
0.489919807261093
0.492508346626857
0.490893805304397
0.490552879384942
0.51520532785752
0.51520532785752
0.49517548586927
0.492193208049622
0.490555103292299
0.493191683096731
0.494172875101511
0.494698606889152
0.491183463978921
0.490380439178319
0.490065943439831
0.489929404822635
0.493998186435749
0.491706948065001
0.490251440529193
0.490456917928012
NA
0.490373113782165
0.492054576458527
0.493164821002535
0.491034529949281
0.489951549352315
0.489983970048582
0.492516181638381
0.489939867543026
0.489932160949952
0.498241648072576
0.489975620649168
0.491096720568552
0.492730980900999
0.490652391308485
0.495392457460347
0.490058800212102
0.493989473507897
0.489910512772597
0.490321477279907
0.490062353743387
0.4899911543348
0.492781789413134
0.489948988823059
0.491036196599801
0.490250737004957
0.49078948901936
0.490038955902412
0.491402508272947
0.490647453140857
0.492752049736661
0.490558007094476
0.491728606201465
0.492507716957066
0.490618729635256
0.490111339127662
0.491147749079802
0.493028700884561
0.49081378178954
0.490879093924108
0.493107583264154
0.494852460204778
0.497937054490719
0.490334126173349
0.49035738210018
0.490025994080774
0.492056486589229
0.490489078683416
0.489942120375777
0.490657112306683
0.490779095259636
0.491553321578056
0.491140831771619
0.49075005564344
0.491455090448662
0.493961078857001
0.490090111174866
