0.530294514392256
-1.14009727308503
-1.50180308799921
-0.881539423276435
-0.912850325280192
1.41473446529127
-0.0817997042793185
-0.0493045594036356
-0.816084322419064
-0.457996807333633
-0.975849736345715
0.602136397847108
-0.862083326354887
-0.936462338068613
0.615924976542869
-0.589045658619647
-1.2094214218809
0.463688714778309
0.311689550209943
-0.743491157367264
-0.520796215028976
-0.90939516130862
-2.19439453034856
-0.532423397855235
-0.489707965642811
-0.655621349057813
-1.88229935894488
-1.38449058230724
-1.29282346490503
0.299794763945228
-0.0834209515359365
NA
-0.429486391625977
-0.457694547174135
1.86999817640223
0.969499601347176
0.474576072679013
-0.00889788499934271
0.533073376588355
-0.399632228525838
1.03487816865922
0.307564918612868
-0.810009401430276
-0.254182393486497
0.870395894864424
1.30324340432584
-1.28235169670726
-2.08856588401301
-0.507968994056094
0.992710162243458
1.19558122028451
NA
-0.162345531182236
0.191123386521582
-0.797832524477878
-0.547957471007798
0.179214013257899
0.358415997941187
-0.147262040793949
-0.508714089741024
-0.713083804530247
1.75716147909381
NA
0.673390359668946
0.0814039803298212
0.438016606812608
-0.649556491672957
-0.0953275355741288
NA
-2.03391790620715
-1.84259088204056
-0.744862693736655
-0.0430448192180302
-0.389376383076693
-0.684920211311936
-0.624565748156156
-0.564620578355339
0.441538350224524
0.441538350224524
0.0411515259134512
0.0174192195870437
-0.492886340101086
-1.06977306538414
0.0174192195870437
0.282907247089847
-0.262946005612384
-0.394237050369041
-0.150245630753128
1.5074527135328
0.632955264070332
0.248939295244823
-0.639425574998882
-0.54005351083528
-0.261460315849648
0.0335247561154024
0.465218660638634
0.704106043767729
1.2252556615179
-1.10985275450053
1.1372066680814
-2.45732495023394
1.7071639481209
1.27194356638975
-0.453315992660099
-0.830554165728567
0.350748994932187
0.917885125594246
-0.277953213673895
NA
-0.716585212459053
1.17987790234264
0.438547485871824
-0.143154361759702
1.42055470492076
-1.0063251802204
0.227965836982942
1.76875419835897
0.306837780657144
-0.0756716554555556
-0.86573840872556
-0.974818911691474
0.210701558790844
-3.21909548459258
-2.29442149422521
-1.00306400896977
-0.314491579063902
-0.374612027122206
2.75003338321816
-1.12485895134573
-0.494384234088815
1.95482274528602
NA
-1.65581954525124
-2.65393347563838
-0.0472569205926265
-0.00235927969288782
-1.43585521623228
0.539797222294754
1.49884946851996
-0.787462283108523
-0.306008557057436
0.440866511972632
-0.758302886893969
1.21863447385769
0.514048331656989
0.776947911385311
-0.564470113373783
-0.203349925992961
-0.239735218761744
-0.403524091302499
-0.697707560106601
-1.23506395089135
1.47319530407947
0.892643233774955
-0.88635776036234
0.741523357150276
1.13374869732292
0.862633073983304
-0.823665526051815
0.215808298088468
1.23931812056061
-0.460061259405387
0.213985806354688
-0.480777057995684
0.459082489296888
-0.724758026667466
-0.0795750510362696
0.478347191953243
-0.136688615103996
0.990710884444226
-1.90186505203383
NA
0.685312101983643
NA
0.188911232190891
0.168003592594443
0.636851928773129
0.14092065572486
-1.03974504873543
-0.68466263125415
-0.505904841176884
-0.0411482648745454
-0.481740505987768
-0.594479686538038
-0.585122605290883
-1.51124224673035
0.296625972689791
0.215070344083854
NA
-0.62091516398185
0.968952427135343
-0.411623519762263
3.96266843743769
0.276036640008198
3.90924409134484
-1.0588600951753
-1.30823947612469
-0.917777182183843
0.515468614439646
1.31067699818251
1.19453394396807
NA
-0.862034363162454
0.382688691222372
-1.26180512335519
-0.216783599675786
-0.937367312351412
-1.33969119462693
-0.211458327095564
NA
-0.222004800643874
NA
-0.0497739153308005
NA
1.5135282388678
NA
0.802890652765634
2.15125810660534
0.385107010761028
0.256062755284268
2.2627439311338
NA
-0.475483699423757
-0.990697037907498
-1.69422351402033
1.40308664062415
-2.16052421318448
0.295229300644786
NA
0.173574089277784
0.970692968369075
-0.185878227688244
2.15728953647788
-0.806526296773824
-0.992909233663952
NA
1.95883235215182
-1.6603027346029
-0.473706890608861
-0.699607505982978
0.306858865429344
1.64252780485174
-0.764126744713859
-0.907973871209202
0.680896525774131
-1.12180123678444
-0.803277341713249
-0.803277341713249
1.11597400814053
1.07011158575638
-0.165804511572105
-1.89636985189504
0.488404211489579
-0.761753313332463
0.0898611183322595
-0.691362324858737
1.3067707100077
-0.0750911283000876
0.00239061074009052
-0.311656439711088
0.20214055535218
-0.339465716270157
NA
-0.114193568511515
0.769497888372261
-0.129068990350076
0.959977382095964
0.406688010690986
0.750322406338455
-1.42289163957066
2.4429241054425
-1.30664673519174
1.60346999668566
-0.511279165799186
-0.531755367730654
-0.306635841451322
-0.663573591533148
-0.357747862880814
0.348415233521268
-1.03314422860007
0.405330941470115
0.456262575422119
-0.946381509734144
-0.173516158242509
-0.586008338355212
-0.104800568955809
-0.146388153439903
-0.943359982219317
-0.67346491068297
-0.96672456711985
1.04329758289227
-0.0293522168530307
0.239831697010467
0.440667459182532
1.2219942352986
-0.984016008858231
-0.827592962735092
1.03752853499445
0.987328513529502
-0.752842999493406
1.36952587547812
0.83268673899508
0.924408077727158
1.75515570442164
0.0998914039899544
0.0636873979603667
1.35049028384124
-0.156175503614378
-0.910066683994224
0.165092140988788
-0.602525048846356
-0.982450037487384
-0.865151701558378
0.697513038348364
0.152609113665678
2.03921594348461
-0.273213675976297
1.26141439187647
-1.45771181489654
