0.596384154257106
0.255350102077738
0.13442527980941
0.378882946365431
0.362211400436002
0.158405761299006
0.934872236711094
0.960716431211702
0.415238224229478
0.647357389878179
0.330093685177501
0.547635685032028
0.389477849700496
0.349949895655672
0.538511196945596
0.556368976309118
0.227657301371943
0.643279136781164
0.755539398743604
0.457890990678896
0.602975291809828
0.36402808346413
0.0291386826135549
0.594911403003504
0.624775206059359
0.512677977286842
0.0609709501084617
0.167457739568808
0.197280096957925
0.764585843532516
0.933584397016574
1
0.667943699176277
0.647574258895375
0.0626669762459424
0.333244359940722
0.635508469653815
0.99290779095746
0.594462084059845
0.689772765853189
0.301737945809206
0.758672593981661
0.41871445124728
0.799566126107653
0.384929197372172
0.193705198883097
0.200921489929935
0.0377709910082443
0.611928409124208
0.321822712387277
0.233006583864325
1
0.871166492813039
0.848585932674166
0.425734036785298
0.584215955457346
0.85791658192456
0.720338159502594
0.883045324651057
0.611406732299626
0.476467047850109
0.0801292247854987
1
0.501328573638303
0.935186606669566
0.661757050377154
0.516582331984656
0.924131964033604
1
0.0430286320845626
0.0665871924350052
0.457062857646489
0.965700582753317
0.697333235896299
0.494036490279343
0.532832590712899
0.572844256358652
0.659209590813844
0.659209590813844
0.967208341755798
0.986116238778602
0.622530779209099
0.285765753857005
0.986116238778602
0.777484886076161
0.792811395051863
0.693746192363736
0.880693444075856
0.132972572395743
0.527348419109186
0.803614610375629
0.523138693395525
0.589646706673043
0.793955435160456
0.973283199583044
0.64218476470653
0.482030013769947
0.221645991043614
0.268141818235719
0.256553893463839
0.0146857967476207
0.0890482300025555
0.204589405940672
0.650719201721184
0.407027615286471
0.726075623670404
0.359574413671783
0.78128079607075
1
0.47430707032188
0.239183883007808
0.661372784852476
0.886284986732886
0.15670734628826
0.315243984236869
0.819861399258045
0.0781690789773112
0.759225365296448
0.939741580484195
0.387473743601127
0.330603814357431
0.833293877178055
0.00145824891554636
0.0226058835333162
0.316811616886347
0.753413194311891
0.708270449754361
0.00639961618464118
0.261740707537449
0.621474253723286
0.0517319964709389
1
0.0990282367611844
0.00847238808337901
0.962346648694749
0.998119473237362
0.152308755374994
0.589823191851616
0.135189652610089
0.431766279374875
0.759855893335896
0.659695260508139
0.448992603882975
0.224145592633785
0.607677780734638
0.437932934958334
0.57294646631873
0.839028959224873
0.810734356580447
0.686911822709471
0.48601634761575
0.217980235929005
0.141971573926592
0.372917086015885
0.376286924968592
0.459080625752617
0.257999165156821
0.389176014707765
0.410924214077854
0.829315286039555
0.216403986342144
0.645876969705965
0.83073466487119
0.631100531667266
0.646578671048099
0.469286482202334
0.936639671094088
0.632826228100969
0.891388274713902
0.322796294732545
0.0583522442804241
1
0.493789645238237
1
0.85031751928395
0.866717931517712
0.52481108294227
0.888047482144345
0.299475068764382
0.494198771596876
0.613374654240227
0.967210938847519
0.630416847812847
0.552735461467932
0.558999427436232
0.132005028440037
0.76700135157365
0.829889946385599
1
0.535227985787255
0.333516756005633
0.680972344535091
9.70540045979449e-05
0.782750738117104
0.000119647884380669
0.290697885634762
0.192008205475987
0.359630821664565
0.606686642032778
0.191184266378837
0.233414979788905
1
0.389504739536973
0.70227970521672
0.208209159057056
0.828555939109816
0.34948528367577
0.181577031822939
0.832704015496196
1
0.82449359215048
1
0.960342778849414
1
0.131424027940763
1
0.422809831135641
0.0324259900318343
0.700489546760811
0.798115508568971
0.0245204902079445
1
0.634862470671564
0.322803044270445
0.0914832810719877
0.161846794597789
0.0316940725079691
0.768066732764946
1
0.862342361198194
0.332650775287323
0.852692814237153
0.0319479395608249
0.420715321906911
0.321725876850937
1
0.0512575935677557
0.0981224864982646
0.636127367529279
0.484830788647439
0.759209334878343
0.101753110226988
0.445521049208924
0.364777041405369
0.496574776669831
0.263036325042138
0.422586766497607
0.422586766497607
0.265517759460361
0.285613674445587
0.868446427715057
0.0590780609643308
0.625696874590928
0.446933971201219
0.928470402782463
0.489987157647657
0.192505949300668
0.9402029874408
0.998094500038556
0.75556453446108
0.839973234291903
0.734547376756992
1
0.909177117862969
0.442333039432552
0.897408095137316
0.338005361635337
0.684589315210959
0.453774690218905
0.156029323080118
0.0152702128354297
0.192548006220932
0.110108855599699
0.609612318594979
0.595373363085743
0.759378901745435
0.507582129737823
0.720837522177534
0.727825143857006
0.302546908310673
0.685585119929364
0.648602094912256
0.344878935776862
0.862387843840238
0.558405002815828
0.916619110299305
0.883734383020595
0.346418607790697
0.501281240129153
0.334627328408764
0.297830512034814
0.976607384060418
0.810659643662972
0.659839182850843
0.222874707945566
0.326070533594506
0.40869991263324
0.30050423024515
0.324447793354113
0.452261178391881
0.172078782722407
0.405825822182578
0.35617609726938
0.0804724130932317
0.920511568644386
0.949270649432612
0.17809479205309
0.876022252731301
0.363674557011393
0.869006493089932
0.54737744840281
0.326839521190793
0.387795012200981
0.486137817417988
0.878831126706221
0.0424930349699189
0.78491726901803
0.20834959184934
0.146190235010782
