0.0595603662985216
0.325373672408134
0.226247648644602
0.0670943154979913
-0.00819646853918776
0.00819646853911138
-0.199081058617484
0.306758300057376
0.145773300897883
0.900111527943558
0.507164550728476
-0.00235423860028305
-0.0605420703420112
-0.244353284920567
0.0690818816734904
0.0236381143109607
0.0040892037067124
0.168367226005516
0.143595647429894
0.359210435606753
-0.167299572302028
-0.170988029313236
-0.420833406554763
-0.100886702447182
-0.275796790338861
NA
0.258865208254548
0.138444887526262
-0.634639908608651
-0.830549978029314
0.355329073042318
0.216358555180946
0.508759371033314
0.351228278335437
-2.69343253532293
0.619157182569161
0.325203405358229
0.614166131353887
-0.17882254283275
-0.471726329025534
-0.341915725091717
-0.890034423234056
0.478671151546848
0.659707095996737
0.711278018135168
-0.709463087692825
-0.52658582771042
0.0674747658492905
-0.318693707312661
0.678339415925445
-0.475923081692059
0.343541271048537
1.17586517234895
NA
0.91843353767208
1.58886823219944
-0.219902274662875
-0.410974527035822
0.997161489667405
0.365545624871809
0.751445649198384
0.118617944925347
0.346487279720989
0.575936686616373
-0.146337115677127
NA
0.172174149113207
-0.0720880635994074
-0.0744481583001111
0.59713328026947
0.00272053885773715
-0.529390503679043
-0.441323857709337
0.0271843871346391
-0.0235900968823142
-0.382767229273854
-0.0509210295956635
0.381685936601892
0.0717455940214116
-0.300691990349982
-0.246029692457
0.276777089668499
-0.71560023655897
-0.0186345345552468
-0.352125136165439
-0.527351936587351
0.273282337787801
0.0547228295792248
1.22719557239169
1.08694725662908
NA
NA
0.458540837271819
0.757223235026174
-0.157845298950093
0.0342088935897849
-0.207701820618137
-0.135993777604993
-0.0405573087493494
0.157189803350681
0.255496811377085
-0.0657679218164553
0.0724569399005119
1.2901788659068
-0.212406988103935
-0.760738010693103
-1.12335517426799
-0.0113244168600701
-0.204313035277167
-0.498982950177286
-0.506216636875809
0.134586696061859
-0.375296805431198
-0.214896167188757
-0.109283819496042
0.116253797680102
-0.743657057105484
-1.04992023231562
0.445905591435649
-0.0584008018479842
-0.351504874810065
-0.282994241157928
-0.0221096620756374
0.138267343934615
0.116407669422141
0.50812837830995
0.0712497323080541
-0.149266069757733
-0.999041064212889
-0.141750934538763
0.31781702117847
-1.02470066990096
0.238089212458121
0.427329662601416
0.801779407703428
0.054914380311736
-0.228769772686226
-0.361986442649904
-0.11775001694839
0.126955816860743
0.413921316140073
-0.389453736957872
-0.135844208822931
1.52358338127235
-0.663565142944393
0.0875557631187078
-0.380860419699752
0.173021965328441
-0.64691993864858
-1.46565144769193
0.460722054699144
-0.544787002093106
-0.556614897266028
-0.329229547872067
-0.199936985243468
0.339605841505234
-0.227347804903513
-0.516928505609924
-0.34119601931218
-0.191690466860312
0.229236038920355
0.585535772465185
0.605543052680801
0.302122052904753
0.0628191398589486
-0.235644982783745
0.122550510223377
0.215005445227376
-0.0980249240663227
0.113366297273809
-0.174906087491159
-1.68563438200295
0.879191562165403
0.0609560303150118
-0.578348785921017
-0.453007695013079
0.254177863333043
-0.23952060431516
-0.161106500002624
-0.0689083439557976
-0.142179915768981
0.651836048926196
0.524272468649862
-0.0637961121194515
-0.0367941959525844
-0.443780731238169
0.268859611326434
0.359996227318227
-0.255837521734715
0.473208301305871
0.638572993311151
-0.565594647137281
0.416532716657247
0.208417687255437
0.378185865433458
-0.107295038534971
-0.0902808631761314
0.138235299601597
0.0415117707479844
-0.120881351956731
-0.250087749059972
0.390865349287445
-0.0208811032415568
-0.0679973157880482
0.39804628926408
0.225776135171309
-0.272972642397555
0.405801999181001
0.163658137187788
0.0688045368858461
-0.348663207874619
0.0618497777519647
-0.404264490530053
