0.475990650935473
0.620262933313192
0.979373076149953
-0.556594326302453
-0.0540264996603652
0.0540264996603538
0.226664799166937
-0.321633515140957
0.437601969740401
1.69410572911118
0.428050806567632
-1.13853033043193
0.0690154087299281
0.396030538826123
0.851978106098741
1.05061300091698
-0.271779230080841
-0.0194995006618879
0.69399910463619
0.641249292611472
0.214215386685106
-0.14967662685385
-0.75846665209659
0.328072697639005
-0.513882864747212
NA
-1.28861492446126
-0.0592147607308349
0.670076153266827
-1.23683536515008
-0.704783378863056
1.35373032247371
0.923861767094946
2.16298536219227
-1.08955403583526
1.66747052396495
0.406691041247926
0.976777923823364
0.0581076842761216
-1.481577759356
-2.29031199303114
1.2280585485902
0.397880822414073
0.0695249715978486
2.05957574949684
-1.96035697178545
-2.07519741892266
-0.246161590655675
-1.12410070039195
1.26039531428768
-0.853092083802012
1.53098962833804
-0.963274345322704
NA
2.49722193425404
-0.871790312294029
-1.81629883458459
0.541071416403746
0.993554229403779
1.58039082399326
1.71449569448969
0.764073660153801
1.46712114024886
1.15425445799242
1.03396578385826
NA
-0.81261205775603
-0.101620571661618
-0.490036159736419
0.854059545786714
0.795310626830613
0.14929093470192
0.665146862446915
1.05522481665232
-1.14184958835204
-0.738098738104975
-0.963235099042002
1.11008339918142
-1.15594086017857
0.534461081183923
-1.47139698009176
-1.61037379559343
2.13319619823266
-0.243688717139137
-0.68463116652058
-1.29814683829867
1.79679682456686
0.36472741100374
2.89569814478452
2.5379798620769
NA
NA
0.501082206488518
-0.012664204195753
-1.00545615043105
0.0916406368814999
0.00367608339877804
-0.326417297845168
-0.276072234985047
-0.0170779445681171
0.517485693469012
-1.62243038204439
-0.220982304788715
1.83841188751337
-0.535611691502202
-0.731415535597399
-1.10563570469572
-0.485194595840657
-0.707596425706467
-2.14708724607484
-1.73474997891106
0.401086723150884
0.446583408966091
0.752539883110925
-0.997704870000326
0.643443875830788
-0.688469297692514
-1.07214124273159
-0.729467302364051
0.0449317214078903
0.789843570231895
-2.12667607665687
0.338867732109381
0.488879588772569
-1.21011358920959
-0.510557169753149
-1.05124493366734
-0.221502815793216
-1.21117985820713
-0.419730799559024
1.33835279301597
2.50312423451346
1.14751013685013
1.62953116279737
-0.23143836756893
-1.18329076951062
0.380469789659499
-0.690491575646672
-1.57796399082223
-0.10753697748391
-0.815886204904802
-2.59335455280333
-1.93760795116573
0.271773181816056
0.262433591387147
-1.00827677222615
-0.0562537873812695
0.77312493852039
-1.28964036683543
-1.83626494564778
0.588914300673033
-1.04511497394873
-1.64449542609363
1.02359003761907
0.240822113228998
-1.16208456362702
-0.749319179500433
-0.432462046898747
2.17875049998639
1.40409210991368
2.36875364697149
-1.24886389819082
-1.33316899051904
2.02361576688129
1.29897287389362
-1.12119406259223
0.367620104683086
0.244268620780619
1.05123299025291
0.870222201652727
1.34435582313367
-0.649809036870191
0.38233174027253
1.61876663733171
0.887961918510582
1.54531998047339
0.658264813946247
-0.602911320214813
0.408073722252051
1.04693394173592
0.248912289616595
0.337390218445592
-0.637267549996044
0.325285819878142
-0.691922217547248
0.51809311598475
-0.740987338073428
0.948563084854496
1.30319449202633
1.20853377937777
0.0219086689111725
-0.379479508246667
0.83729962411332
0.639700979276326
0.909778071897853
-0.221337635504618
-0.743723888577575
-1.30817134696595
0.642143556249313
0.495339262578638
-0.0739496657529068
0.528243625187929
-0.228517485414882
0.230276032761526
0.503514906802281
1.26688859006682
-0.82477072311785
1.644245480692
0.763786175391459
-1.04362971130151
-1.31120302254538
0.981207485343644
-0.923344145910654
