0.252118132652213
0.252103909138771
0.263231976084377
0.254279846550969
0.25226523034918
0.25226523034918
0.252111568729257
0.254874776363189
0.252136672828701
0.252178328408205
0.254186206118058
0.253382656202932
0.252104346187813
0.25369559919291
0.252149702626111
0.252344990993556
0.260201896264953
0.252628490258479
0.252122321473025
0.253330657944372
0.253900622515388
0.252702886383829
0.252191142276884
0.254287119377882
0.255752860078204
NA
0.252162892124578
0.265261136911911
0.253354887213373
0.252176651290919
0.252242971541499
0.253444156997565
0.255028111204888
0.263753045911685
0.255434276710079
0.252277402823321
0.259600309140836
0.252110531833323
0.252241243255872
0.252129270998096
0.258120255382847
0.25252264118572
0.254671500884205
0.252315328342672
0.260017060614291
0.252179197696547
0.253386562648731
0.25609867049073
0.262257252399175
0.267602481624667
0.26105043760951
0.25274607976425
0.252707110242199
NA
0.252138074146047
0.252962912106345
0.264248731276018
0.258374206046722
0.25535509619515
0.252119146010878
0.252104406777402
0.252209890062599
0.252701504448022
0.267870453586177
0.252306763184209
NA
0.253643615583972
0.257317014711168
0.25325751119921
0.258921094865392
0.254324858469239
0.255110238775635
0.255452205079183
0.254767698436676
0.258279027672356
0.252188480793739
0.25543730207301
0.267112505521533
0.252330896081066
0.253721203116367
0.254213847251726
0.252983409807182
0.252420240161077
0.252881221566327
0.252607965892537
0.263404820332293
0.256396545441898
0.254643669541786
0.256744848873807
0.253702599313734
NA
NA
0.252772105692093
0.253986672406103
0.252107319847266
0.267822573179051
0.258793360896167
0.252512992999954
0.255059151151486
0.253186780350263
0.252739566822287
0.256902562251162
0.252851469106756
0.252216002227385
0.253821234389626
0.252439076707518
0.253637967044522
0.252270112664254
0.254772499868793
0.253273106408612
0.252466772932684
0.252104650512325
0.252182396487649
0.267382507398767
0.261900360392113
0.252959713250434
0.253064685595931
0.252563938626741
0.252188973661288
0.253321332599782
0.252183120477041
0.253429720610624
0.252118328962131
0.25455433411268
0.252214647763164
0.252342358258052
0.252132898067594
0.252113670148965
0.253219125090538
0.252973719515467
0.25286839242924
0.254118535214769
0.252788623982919
0.254567119484992
0.252106971385116
0.252104459551749
0.252519241402274
0.258472352210493
0.25835601288365
0.252155795241213
0.252795791493175
0.255592490677121
0.252318271906226
0.256091040991015
0.252290309827477
0.252961190935698
0.253409404325649
0.254237686109985
0.255270883792313
0.252173248277007
0.254090349037621
0.252281130975765
0.253679362523182
0.253828383626467
0.258986654206535
0.254046839601524
0.263518013348711
0.252221765154398
0.252185764161451
0.25824980178466
0.268256551760008
0.254724215497656
0.252188792450112
0.252532192812375
0.252335815568973
0.260880583954147
0.252348203161182
0.252103589408637
0.253879696764617
0.252254791221261
0.252295138355901
0.253825310524227
0.252398583472367
0.252393867376795
0.252473335192711
0.252562054353105
0.253229319820192
0.252251742975219
0.259806411728762
0.253837421317317
0.253022659753059
0.252285077296056
0.252103948966563
0.252456754935984
0.25214761709257
0.278419952489458
0.27113185603915
0.253777067868086
0.254272538201858
0.255642856151661
0.260947695596878
0.254928222755762
0.252679368722052
0.252334408027279
0.252818786638985
0.252426531497278
0.252121692171857
0.26031220557434
0.267381675659161
0.252413208194345
0.252147224538427
0.257472668515134
0.252186506305766
0.255601337656623
0.253524856284144
0.252278031633228
0.255990486677793
0.252120727108138
0.260090221036833
0.256447848858926
0.255207408379757
0.252103476399915
0.253561377251973
