-0.0697255795798447
0.0120493453981576
1.92098286116747
0.849516798732058
0.231600438767232
-0.231600438767366
-0.0518177714652139
-0.958621686171812
-0.104926246818777
-0.157551162515104
0.831040273031026
0.651286002974352
0.0170326372701312
0.726597764727205
0.123815002043926
0.282996691636633
-1.6387222975697
-0.417246378379915
-0.0790610870720407
0.637911442267851
0.771964612625032
0.44582961751636
-0.170503387122943
-0.850935036609376
-1.10005689622467
NA
-0.140370041423575
-2.08878867540129
0.644178044599769
0.155776257172906
-0.215076304331688
0.666758514383323
-0.984784677188203
1.96544147040083
1.05094433262206
0.240156438917891
1.57668211133728
0.0483864671044851
-0.213739848700181
-0.0924937558736081
-1.41249622283352
0.372820788044598
0.92279470352097
0.265049224028243
1.61991354149081
-0.158463314148954
-0.652279711548323
1.1509972879662
-1.83492779766955
2.26702894677056
-1.72243555889748
0.46161328951813
-0.447397658950442
NA
-0.107117642989768
-0.533842403808473
2.0068203185131
-1.44199680115446
-1.03837757825635
-0.0720949568892217
0.0176125534359012
-0.187851293242765
-0.445315396703136
-2.28654299241261
0.259636116740028
NA
-0.714637474513386
-1.31483597679978
-0.618607946041017
1.50356286427422
-0.858256717790194
0.998515943574825
-1.05376893947539
0.939919599280027
-1.43101151020635
-0.167895402160781
1.0514215094582
2.23090694567995
0.27461482371097
-0.732416880962387
-0.836536695750694
-0.540170974311111
-0.32409798056507
-0.507837967162039
-0.409009448335614
1.9358434157498
-1.19313414979963
0.917780629736626
1.24059072958139
0.728193331798791
NA
NA
0.470868283197425
-0.790229852981118
-0.0357234700354333
2.2830685211986
1.4894110002661
0.368505133894534
-0.989996769398275
-0.599351046364677
0.459268068973995
-1.26149220742792
0.498029702237915
-0.193170603031546
0.754721488257655
-0.333595019627015
-0.713325790291231
-0.235069612386673
0.940766172872779
-0.62277372330829
-0.347087327938052
-0.0197743199077615
-0.161775555678355
-2.25088372072768
1.8023916946145
-0.53284799157918
-0.56456661481161
0.390754953913317
-0.168381410215766
0.635483087850404
-0.162515854267701
-0.66315899951337
0.0701908267734639
0.901497616928061
-0.192004546944405
-0.281450033123994
0.098781673656706
0.0581541505097977
0.608232755623937
0.537188433422882
-0.503632109508041
0.817427971793693
0.476649085164445
0.903845971522394
0.0340678355943292
0.0181025367374109
0.371305781158802
1.45323766666931
1.4399034628091
0.131721090274291
-0.479135756269722
1.07561480801637
-0.266884182814441
1.14989775205899
0.248907683245621
0.53330758258771
-0.658060062721132
-0.841248197265915
1.02484313067575
0.152111190286468
0.811690856501811
-0.242716620974027
-0.722883314276329
-0.756290412462383
-1.51077481650088
-0.802754297598977
1.94551385444851
-0.198055167300695
0.165190919365093
1.42762135569739
2.31436983338889
-0.932217815340338
-0.168202884288759
-0.377044596315199
0.277569067477734
-1.70600742896696
0.284872377692043
0.00625821669040467
-0.767457134847547
0.224002640965436
0.252103468312831
-0.75561640897114
0.312822977258989
-0.310313347286108
0.350207990773412
0.389954632156907
-0.611005420139734
0.221734965478924
-1.59820818809073
0.758269118579757
0.552086798357956
0.24539752397442
0.0125854474705891
0.342268430983933
0.120990077067694
2.95405781678375
-2.51192138729823
-0.744955739139331
0.848089244763858
1.08335046913321
-1.7125172539511
0.96782135909073
0.436996189313188
-0.276727033516498
-0.48702791168604
-0.327300606710786
0.0777301827845108
1.64984513468609
2.25082245460446
-0.320480458436324
-0.120450940642253
-1.33431927561711
0.165934120740265
1.07697764330776
-0.686532250789298
0.240590162778527
1.13530672708299
0.075643700319423
1.62738429221566
-1.20024211797972
1.01452215694364
-0.00130075366262679
0.69529616910212
