0.372759856630824
0.261648745519713
0.0931899641577061
0.136200716845878
0.0931899641577061
0.0931899641577061
0.301075268817204
0.154121863799283
0.439068100358423
0.195340501792115
0.0878136200716846
0.387096774193548
0.263440860215054
0.405017921146953
0.0609318996415771
0.28673835125448
0.483870967741935
0.245519713261649
0.306451612903226
0.10752688172043
0.0376344086021505
0.053763440860215
0.417562724014337
0.43010752688172
0.340501792114695
0
0.396057347670251
0.318996415770609
0.154121863799283
0.188172043010753
0.150537634408602
0.112903225806452
0.0448028673835125
0.010752688172043
0.017921146953405
0.372759856630824
0.00716845878136201
0.401433691756272
0.025089605734767
0.419354838709677
0.243727598566308
0.010752688172043
0.057347670250896
0.161290322580645
0.157706093189964
0.0824372759856631
0.089605734767025
0.189964157706093
0.0698924731182796
0.161290322580645
0.053763440860215
0.053763440860215
0.014336917562724
0
0.449820788530466
0.003584229390681
0.326164874551971
0.363799283154122
0.046594982078853
0.234767025089606
0.0573476702508961
0.415770609318996
0.155913978494624
0.0716845878136201
0.460573476702509
0
0.413978494623656
0.193548387096774
0.396057347670251
0.028673835125448
0.139784946236559
0.399641577060932
0.202508960573477
0.111111111111111
0.376344086021505
0.100358422939068
0.290322580645161
0.232974910394265
0.383512544802867
0.236559139784946
0.103942652329749
0.256272401433692
0.136200716845878
0.446236559139785
0.336917562724014
0.0913978494623656
0.0824372759856631
0.021505376344086
0.03584229390681
0.043010752688172
0
0
0.207885304659498
0.043010752688172
0.10752688172043
0.240143369175627
0.265232974910394
0.197132616487455
0.410394265232975
0.010752688172043
0.283154121863799
0.24910394265233
0.209677419354839
0.014336917562724
0.132616487455197
0.0483870967741935
0.0501792114695341
0.444444444444444
0.148745519713262
0.353046594982079
0.347670250896057
0.304659498207885
0.376344086021505
0.189964157706093
0.232974910394265
0.148745519713262
0.186379928315412
0.170250896057348
0.21505376344086
0.421146953405018
0.367383512544803
0.32078853046595
0.195340501792115
0.21326164874552
0.317204301075269
0.134408602150538
0.370967741935484
0.455197132616487
0.0555555555555556
0.238351254480287
0.46594982078853
0.014336917562724
0.152329749103943
0.17741935483871
0.0860215053763441
0.383512544802867
0.315412186379928
0.444444444444444
0.293906810035842
0.263440860215054
0.25089605734767
0.326164874551971
0.17921146953405
0.003584229390681
0.032258064516129
0.200716845878136
0.0501792114695341
0.435483870967742
0.00716845878136196
0.00358422939068104
0.236559139784946
0.132616487455197
0.349462365591398
0.326164874551971
0.189964157706093
0.139784946236559
0.324372759856631
0.0860215053763441
0.311827956989247
0.311827956989247
0.204301075268817
0.021505376344086
0.125448028673835
0.397849462365591
0.449820788530466
0.422939068100358
0.137992831541219
0.136200716845878
0.241935483870968
0.186379928315412
0.275985663082437
0.003584229390681
0.0716845878136201
0.116487455197133
0.241935483870968
0.360215053763441
0.182795698924731
0.387096774193548
0.433691756272401
0.100358422939068
0.410394265232975
0.0931899641577061
0.181003584229391
0.440860215053763
0.42831541218638
0.222222222222222
0.234767025089606
0.206093189964158
0.0824372759856631
0.10752688172043
0.381720430107527
0.397849462365591
0.405017921146953
0.397849462365591
0.157706093189964
0.10752688172043
0.182795698924731
0.191756272401434
0.383512544802867
0.43010752688172
0.455197132616487
0.129032258064516
0.202508960573477
0.136200716845878
0.46594982078853
0.146953405017921
0.0681003584229391
0.275985663082437
0.157706093189964
0.360215053763441
0.324372759856631
0.367383512544803
0.172043010752688
