0.944468498008243
0.99039597248301
0.0558849479627622
0.396416422559872
0.817040117402757
0.817040117402653
0.958715776470482
0.338686751430359
0.91651948678843
0.874939207213239
0.406753485981485
0.515467351709531
0.986424328904571
0.468160415406974
0.901562449137243
0.777416400107721
0.102544220800638
0.676860631597618
0.937048048301201
0.524122263591617
0.440873341276476
0.656110864649929
0.864753850887684
0.39562960880979
0.272378298931439
1
0.888482027730764
0.0377507354085818
0.520057724943329
0.876336620169708
0.829885304647727
0.505548739519258
0.32569350378838
0.0504836248726654
0.294311272622127
0.810408175740367
0.116148560372746
0.961447345815952
0.830926262362561
0.926380726830439
0.159062627239106
0.709601554335747
0.357014728241807
0.791192600828632
0.106526848760488
0.874221207146099
0.514827297262763
0.250846352000445
0.0677189443742023
0.0242534987862906
0.0862423777894428
0.644764935829681
0.654980061044402
1
0.914782603636232
0.59393067060043
0.0458586227477322
0.150570002470024
0.300109726504883
0.942584682649152
0.985962160471621
0.85114745540977
0.656481871297109
0.0230694300244696
0.79536075089208
1
0.475507938528795
0.189784483173302
0.536744719057951
0.133971464695054
0.391582788728795
0.319006431092746
0.293018435219633
0.348177068192063
0.153690876751383
0.866802955184057
0.294092596615701
0.0265856576447607
0.783841724060205
0.464608582084677
0.403661619584511
0.589565827268318
0.746138132211597
0.612020167751538
0.682887144923991
0.0540280089157387
0.233961640562836
0.359629019990304
0.215934068680377
0.467185021079496
1
1
0.638150366495273
0.430151561668024
0.971531709205025
0.0232764821227779
0.137654913139137
0.71281225852596
0.323144513115451
0.5494881655056
0.646445600663474
0.20832161865621
0.618906238412904
0.846984107329122
0.45113509271966
0.73896820013544
0.476317595480026
0.814349467870731
0.347743835926667
0.534007777199066
0.728821255408757
0.984239367873248
0.871614856902142
0.0252728804087849
0.0727028289285478
0.594617871105953
0.572880912469159
0.696315191346635
0.86642102798383
0.525701694657316
0.871032518367969
0.507847140329099
0.944098570004975
0.368201993692831
0.847896399450666
0.778600891426686
0.92139173860415
0.953672860564727
0.543591995052817
0.591621045456549
0.614968792604316
0.414471676609528
0.63403342299973
0.366957751089752
0.972850571354032
0.985571668380869
0.710728082074353
0.147427070919844
0.15116093220533
0.89531213361759
0.632265966873976
0.283149085651086
0.789781018716506
0.251298120500841
0.803639035939728
0.594300219795763
0.51111238720034
0.401022592334497
0.306439842611455
0.87922341203358
0.41775055862151
0.808426358399992
0.470435504613712
0.450195804454843
0.132124075214516
0.422888505256103
0.0528476599791471
0.843164806190438
0.868928829627421
0.154663928932752
0.021468426432928
0.352134283423131
0.866561318123219
0.706464195633448
0.781575359377503
0.089263696745265
0.775980624989425
0.995011749629097
0.443542766904453
0.822940419643863
0.801170736744688
0.450599182242525
0.754679118793094
0.756584357477974
0.726481063528439
0.69690614466266
0.541757855832203
0.824703422105634
0.111275079173179
0.449012777831523
0.581388070989555
0.806352416692517
0.989968690189932
0.732439949205658
0.903797260205591
0.00343903096466154
0.0126462899897397
0.457006707550746
0.397209363695546
0.279709285929377
0.088056361192951
0.33408028606331
0.662495909611705
0.782221141264216
0.626670467045807
0.743717753680095
0.938105613958103
0.100245683539224
0.0252768186389915
0.748875100484731
0.904223861198703
0.183328062105575
0.868344536187951
0.282540993265642
0.493021520437402
0.810072346999299
0.257347279240071
0.939763798952585
0.104930443887078
0.231195204691454
0.311326406083329
0.998963198951188
0.487523315413097
