0.3714859437751
0.273092369477912
0.0923694779116466
0.132530120481928
0.0883534136546185
0.0883534136546185
0.305220883534137
0.156626506024096
0.455823293172691
0.182730923694779
0.0943775100401606
0.413654618473896
0.271084337349398
0.417670682730924
0.0602409638554217
0.281124497991968
0.473895582329317
0.246987951807229
0.323293172690763
0.112449799196787
0.0341365461847389
0.0522088353413654
0.403614457831325
0.433734939759036
0.34136546184739
0
0.383534136546185
0.325301204819277
0.144578313253012
0.190763052208835
0.14859437751004
0.106425702811245
0.0461847389558233
0.0120481927710843
0.0160642570281124
0.373493975903614
0.00803212851405622
0.405622489959839
0.0281124497991968
0.397590361445783
0.240963855421687
0.00803212851405621
0.0602409638554217
0.176706827309237
0.14859437751004
0.0843373493975904
0.0923694779116466
0.192771084337349
0.0742971887550201
0.14859437751004
0.0562248995983936
0.0562248995983936
0.0120481927710843
0
0.453815261044177
0.00401606425702811
0.329317269076305
0.3714859437751
0.0441767068273092
0.242971887550201
0.0481927710843374
0.417670682730924
0.160642570281124
0.072289156626506
0.471887550200803
0
0.419678714859438
0.192771084337349
0.383534136546185
0.0281124497991968
0.152610441767068
0.383534136546185
0.214859437751004
0.112449799196787
0.385542168674699
0.0923694779116466
0.289156626506024
0.232931726907631
0.385542168674699
0.244979919678715
0.100401606425703
0.255020080321285
0.136546184738956
0.443775100401606
0.337349397590361
0.0903614457831325
0.0803212851405622
0.0160642570281124
0.0401606425702811
0.0441767068273092
0
0
0.21285140562249
0.0481927710843374
0.108433734939759
0.253012048192771
0.281124497991968
0.21285140562249
0.417670682730924
0.0120481927710843
0.27710843373494
0.251004016064257
0.206827309236948
0.0120481927710844
0.136546184738956
0.0461847389558233
0.0522088353413655
0.457831325301205
0.146586345381526
0.35140562248996
0.349397590361446
0.317269076305221
0.365461847389558
0.192771084337349
0.228915662650602
0.162650602409639
0.204819277108434
0.186746987951807
0.232931726907631
0.439759036144578
0.359437751004016
0.331325301204819
0.20281124497992
0.22289156626506
0.317269076305221
0.134538152610442
0.367469879518072
0.465863453815261
0.0582329317269076
0.230923694779116
0.467871485943775
0.0160642570281124
0.154618473895582
0.178714859437751
0.0923694779116466
0.381526104417671
0.317269076305221
0.449799196787149
0.293172690763052
0.279116465863454
0.261044176706827
0.34136546184739
0.180722891566265
0.00401606425702811
0.0281124497991968
0.216867469879518
0.0522088353413655
0.449799196787149
0.00803212851405621
0.00401606425702816
0.232931726907631
0.120481927710843
0.359437751004016
0.333333333333333
0.196787148594378
0.144578313253012
0.345381526104418
0.0803212851405622
0.313253012048193
0.289156626506024
0.188755020080321
0.0240963855421687
0.132530120481928
0.397590361445783
0.455823293172691
0.393574297188755
0.1285140562249
0.126506024096386
0.251004016064257
0.204819277108434
0.285140562248996
0.00401606425702811
0.0803212851405622
0.110441767068273
0.246987951807229
0.367469879518072
0.200803212851406
0.389558232931727
0.437751004016064
0.108433734939759
0.409638554216867
0.0843373493975904
0.194779116465863
0.449799196787149
0.439759036144578
0.220883534136546
0.238955823293173
0.200803212851406
0.0843373493975904
0.112449799196787
0.3714859437751
0.409638554216867
0.421686746987952
0.405622489959839
0.164658634538153
0.108433734939759
0.168674698795181
0.190763052208835
0.389558232931727
0.421686746987952
0.469879518072289
0.116465863453815
0.216867469879518
0.144578313253012
0.467871485943775
0.156626506024096
0.0602409638554217
0.273092369477912
0.156626506024096
0.363453815261044
0.309236947791165
0.363453815261044
0.166666666666667
