0.486418749701753
0.488268087369082
0.486832190168531
0.486387317150694
0.486334914164134
0.486334914164134
0.487356876851796
0.487726216154839
0.486805595712989
0.498852085285196
0.488499660099403
0.486334534862258
0.486395774354371
0.487724816825006
0.486362802068272
0.486345000073293
0.486334856996595
0.486851034048109
0.486729375210694
0.487757232204202
0.486438132137062
0.486489115172034
0.490502447199572
0.486592168099536
0.488087236553233
NA
0.487975874732558
0.486721297619798
0.491806022879329
0.496287429568678
0.488058546903608
0.486835241090198
0.487394274152027
0.486506914880276
0.497584659816847
0.495508997722532
0.486419183087056
0.495611279642795
0.48641483992168
0.491777875970613
0.488690627573619
0.487327333390942
0.4875788840575
0.491376563094025
0.492749415105775
0.489942439509175
0.488405776997619
0.486404332524001
0.486941089136019
0.491375334159213
0.487503187749881
0.486997875497616
0.488550515173916
NA
0.505404834884831
0.487388526486353
0.487327704645749
0.49001494803509
0.490898300003619
0.488705025567133
0.489233313569094
0.486693704031116
0.487844607539426
0.488398628788961
0.486849354907804
NA
0.487132782301712
0.486404196775952
0.48646685644285
0.487490788536829
0.486334496204257
0.493307122089465
0.489423572229396
0.486341324529353
0.48634773399797
0.487570664825035
0.48637982037054
0.489159419889866
0.486444884347382
0.487704993584333
0.486833694104929
0.48777497920257
0.489152780148366
0.486342748984658
0.488733927902566
0.488753151388794
0.486860141799287
0.486340287801705
0.492368515764481
0.491918078936724
NA
NA
0.489701752242287
0.488595256911231
0.486576347305404
0.486351954330467
0.487202092429258
0.486581703992338
0.486375893897986
0.48636697804786
0.487694550375981
0.486407039070789
0.48642721178493
0.488462533467943
0.486883368717429
0.48881502373591
0.492775202585107
0.486337335940016
0.486869682976712
0.492051808106394
0.492144785306436
0.486728473976766
0.489380303050521
0.486982801972055
0.486537035907488
0.486453600181876
0.491568926966884
0.496785274006247
0.488707593208397
0.486409724566645
0.488830116270693
0.487545672093016
0.486343008631772
0.486650828249431
0.486623909971812
0.489162662686338
0.48646262285188
0.486870596568763
0.491863465590616
0.486683617556643
0.488809695841811
0.488084427892834
0.487121645929062
0.488982229939539
0.491471523206592
0.486401095669815
0.487427350455584
0.489762505584982
0.486589051806301
0.486629088237756
0.489272199737216
0.489605288309266
0.486615906955316
0.487623770789838
0.488021597819051
0.486449426441004
0.487085217562646
0.487056973422864
0.486679856937835
0.487252550609644
0.490704288510339
0.489798409725962
0.494639971583937
0.488542467365111
0.486861774661889
0.487864673049018
0.487347021884877
0.488600524544273
0.488783843259604
0.487171255601828
0.487158091932182
0.487178176679336
0.4901073714004
0.48821773411416
0.486433776230397
0.487740397092043
0.486500852640949
0.486824862599848
0.486461231429124
0.48649560914157
0.48685299405324
0.487489186311334
0.488857038291694
0.486370118898228
0.49142530538494
0.490796431284095
0.487036284878259
0.487572949736792
0.486947105024573
0.486383874463902
0.486660644412703
0.490144000385181
0.490191651408583
0.486435399105661
0.486367843843361
0.489792687196497
0.487591405232635
0.488420723788136
0.486873356789346
0.488918943098705
0.496018984569392
0.49492100004216
0.49081224552555
0.487376973141074
0.487989818047875
0.486444753152244
0.486453671778281
0.486661902820257
0.486374441349014
0.486681080886241
0.48792250047461
0.488145179467374
0.486343137295338
0.486386013971805
0.48982669312888
0.486915871873081
0.486918041063425
0.489559935864134
0.486620718163255
0.486441611370389
0.488931665407487
0.486427206654342
0.487611299733056
