0.211714297079202
1.01375449462104
0.514349957923889
0.167682301073567
-0.0163254236147733
0.0163254236146211
-0.737165725750641
0.860062563272393
0.500421434991847
2.57930608007431
1.07274093040227
-0.00805793399165376
-0.180588315057944
-0.859630097808435
0.122834118278248
0.0750127976979242
0.0153667298030316
0.52399514766816
0.458161961722278
0.869592917598524
-0.234785450190089
-0.286740953899965
-1.48835571957123
-0.370122068274764
-0.965184249345862
NA
0.93402071827468
0.453452701085031
-1.70529163826778
-2.29995033530228
0.957252749798843
0.515923797983543
0.750525820293896
0.302787813651653
-2.44524353292964
2.20817913967672
0.212257571570509
2.22045385298598
-0.206748630963539
-1.70089982542827
-1.11904753550205
-0.726437692032817
0.813267733410314
1.63700115505149
1.84645828205674
-1.38476464298188
-1.04922669554315
0.192770811521409
-0.567831726254594
1.63680164788276
-0.788145781385412
0.593812558521727
1.08526552654284
NA
3.1836201274069
0.748487989877845
-0.726573487509864
-1.39860985491241
1.55743002888454
1.12246137955779
1.2412457389764
0.436982919610948
0.895895963558659
1.04741470786933
-0.52314290117764
NA
0.651392998565788
-0.192583590137886
-0.265311957257808
0.783954023555474
0.00666217460195365
-1.92504936369909
-1.28133077352469
0.0606091007552201
-0.0841423211696882
-0.81057763127339
-0.155348025290321
1.22532379455094
0.242307311291328
-0.853480148775294
-0.515126375358102
0.874999379343584
-1.22388298063314
-0.0665621838457065
-1.12928313270076
-1.13379768058601
0.528593841645918
0.0558790578971963
1.79080150210251
1.72266493360156
NA
NA
1.33777952112898
1.09616620160001
-0.358583326072736
0.0965553105244776
-0.679079805482964
-0.362531298739953
-0.148479595084138
0.131558526772241
0.850222364263146
-0.196466397957813
0.22208179204432
1.06350423483874
-0.540144385181494
-1.14820761878449
-1.85016582147883
-0.0394161238858181
-0.533368858233072
-1.74317184324547
-1.75728855251843
0.457638941307538
-1.27232546919027
-0.587028248833507
-0.328160034923774
0.251684473399303
-1.66793561459218
-2.3567696137243
1.12306909121826
-0.200065782309495
-1.15169528455925
-0.802342261388299
-0.0675908282032521
0.41008133443526
0.392250342460656
1.22602686108807
0.261037143617615
-0.533823837539019
-1.714219615388
-0.430805491166922
1.14697388708476
-0.964410651478596
0.64683393849515
1.18627421654434
1.65234428318968
0.188255893215084
-0.762147104202096
-1.34979364368091
-0.367877854746366
0.395742903712755
1.24954310813385
-1.31847865240648
-0.386790556349589
0.82780465434012
-0.94693998878078
0.247238424636875
-0.631690911437805
0.619695389999382
-0.428479520396875
-0.698546063316413
1.52396725501717
-1.35684376574115
-2.10099741863161
-1.08329315536805
-0.529414085332253
0.901828075578536
-0.733604557440765
-1.09744245977445
-1.14096849981212
-0.666903594570159
0.661637554736654
0.669655716384787
1.41606149552989
1.00046825046163
0.229802427469061
-0.864433001916452
0.29741979823586
0.51055015974301
-0.259616804292803
0.292697372412665
-0.524988196926392
-0.783410728518263
1.15789049036526
0.137756767018405
-1.64489454100827
-1.53995055117429
0.610759321647553
-0.811326363393444
-0.570640130743409
-0.162134681460256
-0.416393729826644
1.42291866211732
1.43179007116505
-0.23167147424952
-0.133295888629507
-1.35572254828945
0.817348816339299
1.05300545676069
-0.535196109396359
1.1720116017375
2.26872209786002
-2.13624659724335
1.54267707611466
0.744374882845143
0.937979325106473
-0.242163387563585
-0.251760055989186
0.417196056273013
0.145856771777651
-0.429237925143895
-0.918709781083994
0.981007542440411
-0.0680947973093089
-0.165604191233165
1.36237179329998
0.555905158316272
-0.556941122305899
1.30930603870218
0.390082000745688
0.238690867695889
-1.17489266459306
0.222075652837442
-0.823791539767823
