0.83248848257433
0.311600825672945
0.607424986324385
0.86695782443066
0.986986743443082
0.986986743443203
0.461656966629393
0.390511973656106
0.617183011322924
0.0104254439648977
0.284338187392277
0.993576675199109
0.856825206302255
0.390749973117964
0.902329166314902
0.940259668664836
0.987750871377044
0.600708618869104
0.647201902330328
0.385289625092612
0.81455190852515
0.774528974768541
0.137815545642483
0.711579572706993
0.335309876695742
1
0.351121617933283
0.650584342669101
0.0892817266093088
0.0222083738522486
0.339289743171023
0.606326753791292
0.453586832124027
0.76228300220116
0.0151099513919381
0.0280661058741824
0.832065066865811
0.027212121272977
0.83636085902395
0.0901046765222941
0.26410711460121
0.468195157665712
0.416775879258693
0.102786638671841
0.0659119798384184
0.167259249637854
0.295005153888356
0.847282318164309
0.57061764321499
0.102828362441346
0.431297761993543
0.553130996030492
0.278764996418246
1
0.00162346640502976
0.454812582177534
0.468112076280257
0.163069153694295
0.120531157794636
0.262656154676308
0.215584371338878
0.66247044858612
0.37110049931503
0.29583818589025
0.60130071464754
1
0.515342791702636
0.847428807420908
0.790970115846927
0.433749232512274
0.994689276622587
0.055265901955379
0.201168787826548
0.951715033973088
0.933005170809322
0.418316904313271
0.876662176708574
0.221513208017831
0.808724647449269
0.394144066134826
0.606883087237451
0.382346216751297
0.222055463169031
0.946979150354431
0.259773360771126
0.257877719988174
0.597518271337385
0.95547917787067
0.0744370493963286
0.0860857539189021
1
1
0.182085742409287
0.273975622904521
0.72018497991476
0.923150651173013
0.497664718343724
0.717236567123891
0.88207430465558
0.895430748239363
0.39594925004791
0.844391840610229
0.824416865364
0.288496592070282
0.589539430485182
0.25189166729929
0.0653740742902015
0.968587539762215
0.59421381915187
0.0824335845315905
0.079993643566718
0.647577203459506
0.204344099132152
0.557671662997735
0.743043135046416
0.801475012944465
0.0964792839658707
0.0191438086895581
0.262398445085323
0.841578630348699
0.250457613414324
0.423055458449181
0.946161014287725
0.682069088646413
0.695180428626739
0.221248953207979
0.794261394094906
0.593899398963032
0.0876275438884068
0.666950994221346
0.252400327382067
0.335696716647285
0.518284882345335
0.236549185073588
0.0996182199948555
0.850816432161395
0.446632582976447
0.178204437353572
0.713250419908567
0.692604926158174
0.212540635496288
0.188452584373004
0.699213698065353
0.408506839414245
0.344509847971377
0.804910223462454
0.528119401354864
0.535977108897059
0.668641153189385
0.485432571058671
0.12867869276157
0.175955822827413
0.0365614568341459
0.279637669238058
0.596950041396412
0.367946065890137
0.463821614358085
0.273418599549934
0.254886591172439
0.50539904042406
0.508763637134092
0.503645344476346
0.157901600576447
0.317973151035973
0.818418017180873
0.388111756054511
0.766373053392883
0.610080174048439
0.795355765182907
0.76997663580354
0.600019035161332
0.434067560251827
0.247924431183833
0.890534574623085
0.101146699326951
0.124734923775936
0.541868941524942
0.417887654677033
0.568714718166085
0.871320172690055
0.677450294192392
0.155905625236461
0.15335198145392
0.816967379950973
0.894057942321637
0.176312002049499
0.414444470000513
0.293273017761799
0.592951534030408
0.242217926368795
0.0240689637138259
0.0335519930405081
0.12407173600478
0.457292312408879
0.349087159498831
0.808836047674733
0.801416647694871
0.676864097974561
0.884142490807688
0.668089874801224
0.359061352017779
0.32746077627413
0.94576020139166
0.868591467910642
0.174207608249893
0.578732669722608
0.578025625623656
0.191535642686098
0.696781202026106
0.811525032663334
0.241065158355575
0.824421639615448
0.410779748237628
