0.369565217391304
0.260869565217391
0.0942028985507246
0.13768115942029
0.0942028985507246
0.0942028985507246
0.304347826086957
0.155797101449275
0.440217391304348
0.197463768115942
0.0887681159420289
0.384057971014493
0.266304347826087
0.405797101449275
0.0615942028985507
0.278985507246377
0.478260869565217
0.248188405797101
0.309782608695652
0.108695652173913
0.0344202898550725
0.0507246376811594
0.414855072463768
0.431159420289855
0.340579710144928
0
0.40036231884058
0.322463768115942
0.148550724637681
0.186594202898551
0.152173913043478
0.114130434782609
0.0452898550724638
0.0108695652173913
0.0181159420289855
0.376811594202899
0.0072463768115942
0.405797101449275
0.0253623188405797
0.416666666666667
0.242753623188406
0.0108695652173914
0.0543478260869565
0.159420289855073
0.152173913043478
0.0833333333333334
0.0905797101449275
0.192028985507246
0.0706521739130435
0.155797101449275
0.0543478260869565
0.0543478260869565
0.0144927536231884
0
0.452898550724638
0.0036231884057971
0.318840579710145
0.364130434782609
0.0471014492753623
0.23731884057971
0.0507246376811594
0.416666666666667
0.157608695652174
0.072463768115942
0.465579710144928
0
0.416666666666667
0.192028985507246
0.393115942028985
0.0289855072463768
0.141304347826087
0.393115942028985
0.204710144927536
0.108695652173913
0.380434782608696
0.0978260869565217
0.289855072463768
0.231884057971014
0.384057971014493
0.235507246376812
0.101449275362319
0.255434782608696
0.135869565217391
0.440217391304348
0.340579710144928
0.0923913043478261
0.0833333333333333
0.0217391304347826
0.036231884057971
0.0434782608695652
0
0
0.206521739130435
0.0434782608695652
0.101449275362319
0.242753623188406
0.268115942028985
0.199275362318841
0.407608695652174
0.0108695652173913
0.278985507246377
0.248188405797101
0.204710144927536
0.0144927536231884
0.130434782608696
0.0452898550724637
0.0507246376811594
0.442028985507246
0.15036231884058
0.34963768115942
0.347826086956522
0.304347826086957
0.373188405797101
0.188405797101449
0.228260869565217
0.15036231884058
0.188405797101449
0.172101449275362
0.217391304347826
0.425724637681159
0.364130434782609
0.320652173913043
0.197463768115942
0.215579710144928
0.317028985507246
0.132246376811594
0.367753623188406
0.456521739130435
0.0561594202898551
0.23731884057971
0.460144927536232
0.0144927536231884
0.146739130434783
0.172101449275362
0.0869565217391304
0.384057971014493
0.315217391304348
0.438405797101449
0.289855072463768
0.266304347826087
0.253623188405797
0.329710144927536
0.181159420289855
0.0036231884057971
0.0326086956521739
0.202898550724638
0.0507246376811594
0.440217391304348
0.00724637681159424
0.00362318840579712
0.235507246376812
0.134057971014493
0.34963768115942
0.329710144927536
0.192028985507246
0.141304347826087
0.327898550724638
0.0797101449275362
0.311594202898551
0.307971014492754
0.202898550724638
0.0217391304347826
0.123188405797101
0.394927536231884
0.451086956521739
0.416666666666667
0.132246376811594
0.130434782608696
0.244565217391304
0.188405797101449
0.277173913043478
0.0036231884057971
0.072463768115942
0.114130434782609
0.240942028985507
0.360507246376812
0.184782608695652
0.384057971014493
0.431159420289855
0.101449275362319
0.411231884057971
0.0942028985507246
0.179347826086957
0.445652173913043
0.432971014492754
0.213768115942029
0.226449275362319
0.201086956521739
0.0833333333333333
0.108695652173913
0.378623188405797
0.398550724637681
0.409420289855073
0.398550724637681
0.159420289855073
0.108695652173913
0.181159420289855
0.193840579710145
0.384057971014493
0.431159420289855
0.456521739130435
0.130434782608696
0.204710144927536
0.13768115942029
0.463768115942029
0.148550724637681
0.0688405797101449
0.271739130434783
0.155797101449275
0.360507246376812
0.324275362318841
0.364130434782609
0.172101449275362
