-0.0179263327660966
0.00352949386959711
0.783547475555199
0.306638255574162
0.106251825349853
-0.106251825349915
-0.010979043860738
-0.30706809761031
-0.0274772324304049
-0.0520157484758528
0.353817441831758
0.168310700062909
0.00518087339126971
0.187262278083759
0.0633974166968283
0.0798102719569052
-0.396058170934923
-0.121833597081372
-0.0218003628811445
0.23780813670435
0.511570881355723
0.244145159290014
-0.0440516131549451
-0.210986256954348
-0.28431916221771
NA
-0.0356505513033643
-0.563941157645386
0.217497784332132
0.0507498438944376
-0.0735524082616088
0.260251534697247
-0.602530022243092
1.96588536035741
1.04727602663877
0.0608791430103661
2.10736689782845
0.0120281337945496
-0.161986251907725
-0.0236344987049479
-0.392275996766964
0.484592443308031
0.475048541547878
0.0917091234160736
0.576665052046087
-0.0732223337021551
-0.294951876977265
0.368716613321272
-0.925276522744184
0.834749887995159
-0.934390551120146
0.24120047192558
-0.48557519171485
NA
-0.0284217157014623
-0.998831470968738
0.548580462596867
-0.389443574121991
-0.627883852160167
-0.0215602007005646
0.00986605701847143
-0.0460166340334212
-0.152768521981891
-1.08933636974261
0.0620383420321611
NA
-0.118336021076663
-0.451556165522577
-0.158421382036748
1.08314888995994
-0.307338542528289
0.250813137393932
-0.325921630889007
0.380507342705137
-0.366494066909617
-0.0771126328999943
0.311353692068256
0.635668063493548
0.0733985019264303
-0.230320286609487
-0.359911996880444
-0.154704676534269
-0.168349678295669
-0.130185632961075
-0.117459293559632
0.813939631714931
-0.570836052593455
0.91235666260205
0.741686410159736
0.419499970630481
NA
NA
0.143519060007222
-0.478065887705156
-0.0138791901624558
0.734721224120246
0.408559538440601
0.123249464969561
-0.246002642718661
-0.623362633668534
0.127264445566768
-0.391553902066792
0.147941099340475
-0.255560072058302
0.268406900354959
-0.201235297753982
-0.39461739297622
-0.0617920783411954
0.332402087456156
-0.162466850948835
-0.0911239070353957
-0.00519548456596652
-0.0445056914953739
-0.736382403953286
0.54520222592383
-0.212528220227078
-0.213125873107879
0.107625479384819
-0.0579183936934813
0.170593252096172
-0.0458459655670218
-0.209720461989459
0.0208653721266812
0.279361534866213
-0.0521525242699763
-0.0851409773183156
0.0247342267606943
0.0148890137066608
0.316028056957009
0.164218028409486
-0.127748650689574
0.760979266004755
0.156287628824444
0.29356949596248
0.0146253959950942
0.00484156932693303
0.102475922828817
0.343702365028312
0.418373823300644
0.0363362736851478
-0.135275876095695
0.288358660855105
-0.0843701257101479
1.80424787444569
0.170493903851697
0.166690205190541
-0.358500284121376
-0.214909381450921
1.35619624964892
0.280093298072188
0.215933643935202
-0.091926642284931
-0.167316036704803
-0.199765196587091
-0.483100531404826
-0.27313970229148
0.531181218159454
-0.0849065157093234
0.0455192825869837
0.377850223060893
0.745771959604514
-0.701985021987086
-0.0631849711009096
-0.101237521142269
0.068546538692587
-0.420419295336075
0.107267737223516
0.00241898393325357
-0.256243934892098
0.074352845639603
0.0746275522378959
-1.42777670301331
0.195812872960857
-0.127718632242882
0.111350153506465
0.105313446460189
-0.217626062813483
0.0602150199908369
-0.416121064500084
0.285071614038252
0.168886747412252
0.109272356982304
0.00388163808223752
0.0876223643429004
0.0308927494503006
0.86608536373959
-0.735485676431921
-0.229531445640593
0.366405899751771
0.395759516029511
-0.434698566569526
0.223005840993753
0.106257512303198
-0.0694223977939608
-0.175545719706555
-0.129781189729079
0.0258709972404914
0.500427970609457
0.585232653951092
-0.0840323638675402
-0.0298030874698281
-0.511334322079243
0.0378195789490636
0.383314939708782
-0.177337691390411
0.0853293098958456
0.52449680457852
0.0211415688192682
0.561079009041916
-0.311295514403199
0.273091589021579
-0.000329723631426582
0.307427996137037
