0.243509553830905
0.243940285367279
0.245504734998204
0.243736223488742
0.242900468387017
0.242900468387017
0.24303243948839
0.243174250585963
0.243414039504532
0.250708684942104
0.243391522390231
0.246422740594335
0.242905491070663
0.243319658986426
0.244869350440358
0.245898583550014
0.243093680819675
0.24289355465542
0.244204207181944
0.244012386370781
0.243017491519717
0.242953531898752
0.244459218697561
0.243185644173545
0.243611704784556
NA
0.247414815865071
0.24290206845803
0.244115335002525
0.247058684753079
0.24424528939678
0.247883398297596
0.245217004041149
0.255633999878463
0.246125553259392
0.250464841121297
0.243342964321596
0.245490909589713
0.242901714728381
0.248870598016214
0.257178235917574
0.246999766753168
0.243323659567306
0.242905683329756
0.254444814401455
0.253358575383329
0.254620724946488
0.243057545492547
0.246333824234065
0.24721891546112
0.24487452330961
0.249275995261269
0.245419562699905
NA
0.259876012394064
0.244962359338706
0.251876883361515
0.24368981942779
0.245580931560044
0.249694599209863
0.250897965257478
0.24448246814962
0.24875450398069
0.246520925017175
0.245804074652439
NA
0.244690890030119
0.242920643062521
0.24354650595413
0.244879021302321
0.244615126547969
0.242953217864072
0.244097410339791
0.245925032571471
0.24644335453158
0.244376203999749
0.245419356787558
0.246248534628899
0.246531535193405
0.243670457002164
0.248788722604903
0.249955143873564
0.255285459030836
0.243054246525098
0.244169034574507
0.24748196636991
0.251684984863015
0.243254803461992
0.265728481426935
0.260434922185347
NA
NA
0.243576321663233
0.242892955918325
0.245645727061455
0.242915390331822
0.242892555935505
0.243182693517071
0.24310008608248
0.242893313431348
0.243621824545313
0.250061293019618
0.243025511812911
0.252096980529395
0.243673810162495
0.24434945724034
0.246221695872322
0.243533646995525
0.244256109744184
0.255447386406695
0.251088228009385
0.243330635334068
0.243435666789662
0.244434829524028
0.245603440531187
0.244020064655467
0.24418338731619
0.246023041035466
0.244341706037964
0.242898017311253
0.244591525144655
0.255209816680793
0.243205251745615
0.243543422550766
0.246880609746401
0.243602426200632
0.245902200870298
0.243026139063862
0.246887640905906
0.243372312697274
0.247770655768391
0.259956389823271
0.246478647264982
0.250124180507433
0.243038395001508
0.246705772785245
0.243286752244336
0.244190981927165
0.249673724830029
0.242924013173802
0.244705411087278
0.2612087678862
0.253117077475596
0.243093671866337
0.243080084040767
0.245661195962787
0.242901137326688
0.244520360595841
0.247422016153916
0.252075494697294
0.243837051711795
0.24586720343595
0.250257609523837
0.245745933490131
0.243050463981697
0.246570319959883
0.244421656281693
0.243401860254427
0.255820411897908
0.248261649377879
0.258173545792186
0.247140112794816
0.247732940265076
0.254044932300712
0.247487808933824
0.246316050567769
0.243260572885247
0.243055017163116
0.245902132483434
0.244954919890681
0.247814514570701
0.244042483106506
0.243290620297677
0.250028952769303
0.245039862144174
0.249396055622527
0.244072606127907
0.243882483625183
0.243346032403692
0.245877567010705
0.243061254227683
0.243202530569619
0.243998522248558
0.243180685309307
0.244196368118046
0.243623537661359
0.244387839728604
0.245342965377847
0.247517726545035
0.246870203595773
0.242893826340573
0.243284702706279
0.244801820721377
0.244006985001552
0.245146673591333
0.2430259398506
0.244398904901431
0.247553121017399
0.244015512003386
0.243560737252254
0.24290741223477
0.24365246257335
0.243034736165652
0.243036933438964
0.243582977356186
0.247263607546662
0.244745108700883
0.25025537086686
0.244481271929545
0.245858754512827
0.247574747856072
0.245514529754894
0.245214400046463
