0.634456230306964
0.535594639948394
0.328250255047779
0.5782540122578
0.95695299550647
0.956952995506479
0.820851580042596
0.747972920275361
0.662015846344958
0.0913691977877815
0.668946750359104
0.255882813684429
0.945027148489656
0.692387374106756
0.394962227851539
0.294352073544791
0.785994226576058
0.984456673515713
0.488264362903067
0.521890934874023
0.83053670209437
0.881128670505684
0.448816516862049
0.743104541446062
0.607743571133867
1
0.19860721290434
0.952823749348179
0.503367465667864
0.217195789845917
0.481537209237316
0.17692594272022
0.356362362328308
0.0313977926788474
0.276856595498859
0.096550985343657
0.684548970657533
0.329531376378076
0.953704749057543
0.139589322958648
0.0227548506612377
0.220467455536864
0.69102449961478
0.944621919818534
0.0403735015101138
0.0509562638505081
0.0388911677591625
0.805739455316153
0.261943505188932
0.208587492831966
0.394345297470158
0.126913168147708
0.336250023365607
1
0.0130977751333763
0.384077767667851
0.07040540747724
0.58889321721271
0.32130704825347
0.115158563827103
0.0875562318393878
0.44547369803839
0.143477535312404
0.249390718741773
0.302054011187854
1
0.417138354610606
0.919131369743672
0.624496204279574
0.393809984668875
0.427113785774973
0.881432702533587
0.506509980406383
0.292242010286987
0.254502638572805
0.461079298735266
0.33626967845311
0.267925816763797
0.248701380226851
0.593451275047735
0.142318915973959
0.108455203100315
0.0337875215174213
0.807652292420597
0.494149123998488
0.195316704207635
0.073457212510741
0.715593188815516
0.00408464128028446
0.0116976533287517
1
1
0.616711220262121
0.989904813336837
0.315554751431454
0.927049800421714
0.997069562429185
0.744355138406606
0.782698441691014
0.98638672828861
0.605230152385998
0.105848783014982
0.825269011822603
0.0670723183673543
0.592656722310939
0.46514366448072
0.269843582455586
0.627921818465842
0.47979082610619
0.032654369617923
0.0838974457527458
0.68866549393603
0.655524808860323
0.452365483631256
0.319293238496794
0.520468453403765
0.491733479895241
0.2845897874191
0.466332234696844
0.96419410614315
0.430294735487794
0.0343309502760875
0.734966111052345
0.625313790148933
0.227266944431515
0.610067800443899
0.294062337121744
0.824864145549828
0.226858772837685
0.675007479048548
0.181878963471397
0.0128862035288162
0.252160963715229
0.104337246706615
0.817145129041116
0.237708468281461
0.703888312094398
0.49046326595324
0.115715163577484
0.914440838622258
0.415266249843686
0.0100096453758321
0.0536873954464488
0.785998872628877
0.793182244253035
0.31420155140578
0.95518018739246
0.440107671872466
0.198251276402289
0.0673900940910759
0.5563987027961
0.296880995928981
0.101208269055399
0.306922029975687
0.809871138248525
0.246201397982356
0.454300717093156
0.665742116179581
0.0301931344498595
0.161411612411407
0.0185344069527195
0.212769249029775
0.18357173630809
0.0439697120123296
0.195033452328251
0.263176312741108
0.713437249300988
0.807203616417757
0.294067811304333
0.384932473948266
0.179933251631701
0.516354085359047
0.702508490837277
0.106635482410395
0.375331612631897
0.12341055811128
0.510914702574033
0.547060980273478
0.683534795535165
0.296042714773536
0.803613085103365
0.736078273888556
0.524476937022829
0.745210320993237
0.489565737145043
0.604806861795192
0.459328802486171
0.343669685885772
0.193590566351414
0.227872668602566
0.982536582978665
0.704622572057185
0.40314598431775
0.522895726165654
0.363730497624752
0.824992621776302
0.457673906404416
0.191899692290713
0.521311049915183
0.620753374631199
0.941103809234189
0.597753191667362
0.81941257394357
0.818047252103498
0.615002477110362
0.206259288672272
0.410211437481494
0.101259907709105
0.445644744660972
0.297566669859119
0.190875054202474
0.327346643764996
0.356631479418801
