0.573091370475048
0.851734040521515
1.8679598736068
-0.960316806087142
-0.117456257962655
0.11745625796263
0.263829528288504
-0.495798344088461
0.543534411722828
2.52692193855673
0.875294178486314
-1.41571494803438
0.0995996014714056
0.48394698523132
2.07014070026532
1.40972193054964
-0.311400413208524
-0.0270462969214513
0.924807877115644
1.14685136787636
0.631835054228247
-0.375693490699149
-0.919389737251072
0.384766322438761
-0.630391447742197
NA
-1.53635657301956
-0.0780166379326683
1.04638053535842
-1.90438345489643
-1.13331228278678
2.45730296166071
2.68474263317474
10.857960816535
-5.2052796079106
2.01756157325615
2.70416232884508
1.1627088333546
0.217940580094178
-1.74538840008981
-3.00536449418307
6.51817318533676
0.976019010222004
0.117903941208183
3.37103728691554
-4.30737860531335
-4.47149985712367
-0.372561459801879
-2.71252713135246
2.21612800662411
-2.22197478621497
3.83851527343988
-4.53291929505522
NA
3.11245254673234
-8.03612700497449
-2.3416204959036
0.684933631926908
2.73917892366683
2.22747770554373
4.19144671083527
0.893618350937682
2.43839316786726
2.68899691094734
1.247324514765
NA
-0.924283473968396
-0.161205061226305
-0.592208901268364
2.82227640480215
1.39861585710405
0.176829818678943
0.989515242728285
2.01510651305794
-1.38153619929817
-1.47524495399923
-1.33921909273463
1.48785956444305
-1.46667623198684
0.80115878278496
-2.98993130420861
-2.17242358189796
5.33362244465974
-0.29427111160094
-0.922125464360906
-2.60080247536878
3.99562119535772
1.54841550109099
8.61053085776188
6.949881433117
NA
NA
0.733727360700001
-0.0377847042683186
-1.85495188351692
0.138788501771536
0.00483143522474805
-0.523922454521671
-0.323672699001042
-0.0885788313418114
0.665022708737865
-2.32237627429232
-0.308196397794397
9.65287133505592
-0.897643637775252
-2.02864561141351
-2.89634143553594
-0.597286258016775
-1.17112390712192
-2.64908671136832
-2.15601554475698
0.508044248140767
0.564508956806463
1.17592425340692
-1.41619991971423
1.26094495327372
-1.27692345294324
-1.98480985992285
-1.21561054241647
0.0562247670277571
1.02674500751196
-3.14291092282317
0.479571580841118
0.712075690192458
-1.54509484054243
-0.887824249250848
-1.23740023942022
-0.267181567693187
-3.03989166862397
-0.590842355697909
1.58578762716066
11.5311655193959
1.78766415045877
2.49265541535177
-0.485326696651737
-1.48050535292754
0.490770527726909
-0.79446929229176
-2.11896613206428
-0.147900493306256
-1.14094555711337
-3.3121038513881
-2.93189128971129
2.14843834369014
0.797671455939014
-1.53666361361487
-0.146248459601047
0.929182848722517
-8.43669643641533
-16.7096157129588
0.763025500541037
-1.79601262712868
-1.87566392528739
1.3233223431288
0.385527148892322
-1.89880911666219
-0.994315765865075
-0.846321859170436
2.76412641104863
1.72694994226386
3.50250472571726
-4.72573213606325
-2.40893175292328
2.59530536763846
1.52441628582714
-1.30813980160613
0.635747123290606
0.431177610930391
1.68430630663294
1.43120437021998
1.92022206434991
-6.07305261497927
1.19700137724229
3.05323960137397
1.32732101298484
1.95441017507406
1.15779133677332
-0.761279516845455
0.494172760022968
1.92394062567145
0.352798156142057
0.667242116918621
-0.993496778408534
0.386578787002753
-0.824239137815082
0.723056402076613
-1.03867433006907
1.38633240083985
2.69140563235706
2.11405078607423
0.0262543309916907
-0.432231374132746
0.974428474725141
0.767880522769243
1.56350491475791
-0.420599196281178
-1.14686025644366
-1.87609411723028
0.781415392485634
0.600106335104105
-0.0864965342675088
0.90867088468282
-0.301156079438034
0.403954553210916
0.620685621765492
2.2136829475155
-1.75274298381879
2.18258616012763
1.3390686182808
-1.28393631879874
-1.66854659191884
1.17220339091512
-1.9601297684856
