0.244620023544826
-0.0363335943067398
0.362062615198482
0.160231893993558
0.633117712002843
0.0163012403905221
0.32185948641769
0.269416490217225
0.358449978396866
-0.0358747704744076
-0.0533510467845701
NA
-0.167597265625924
0.172562636673037
-0.231901558809115
0.0309066871636325
0.0433750700276896
0.350974340699082
0.745402779189675
0.19313653442428
-0.262016557232066
0.693591152908397
NA
NA
0.0298844468890156
-0.311088456016117
0.147982271782807
-0.321351085189916
-0.0373841408943285
-0.148976005465883
-0.0909659786487396
-0.498423131516006
0.333951656539552
-0.436143627220964
0.276512062145969
0.178220710570743
NA
NA
0.377277387419227
-0.0782722506458189
0.18712900160261
-0.0622548990992335
-0.0737628196844469
0.0728889527576193
-0.144401607953057
-0.27251186540855
0.20835949235703
0.190807731425508
-0.211796344935834
-0.312801754924656
0.130119925899702
0.298999381385995
-0.117819727525614
-0.652010953387721
0.336178317738501
NA
1.04469261834315
0.227122722821996
NA
NA
-0.303876334457563
0.0346288868214515
0.317027944651752
0.274242318502457
-0.230014108405841
-0.389120049004532
-0.125264313115444
0.206241201431624
0.0292981584735088
0.0625235688645631
0.023744978663057
-0.067420471067372
0.516664415359195
-0.459943498850334
-0.550033041475212
0.0785437681269059
0.0358222644148203
-0.36208385409148
0.0301527795866274
-0.185788418334631
0.927954593169993
0.578139440102408
0.0602632836385908
-0.526376880881784
1.94817982445262
0.416230709052357
0.533848587672281
0.659609393661663
NA
0.610190400433936
-0.534063356951449
NA
0.0650604354577062
0.198166834260327
-0.649299718777667
-0.338682931021433
0.170228194853127
0.186469558916109
-0.0319589498354098
0.220791845612375
-0.284660713944547
-0.140140299582654
-0.467887139816169
-0.0266441156776427
0.653293601270612
-0.484873099020632
-0.474546697331469
-0.211353483384363
-0.4208158406636
-0.625395415369768
1.11577063948525
-0.183025755772782
0.475094228310221
-0.911892018286139
0.279078778596855
0.125121239946921
0.714039287871818
0.196621167517819
-0.0479406919841114
-0.244318573974102
-0.259862638184014
0.443442322195935
0.227050666117188
1.3083643667342
0.667851755517489
-0.294971106470399
-0.112801067563209
0.0877529510138384
-0.286036977897723
-0.420790705755241
-0.347230696288769
0.841579320027574
0.125928139416011
0.15540917293864
-0.561912702847792
-0.0875961246654597
0.138355618235448
0.106376330566885
0.245948196784425
0.0478854110432536
-0.347491720906653
0.23742804584225
0.188591996747121
-1.68860255502999
0.336366447566931
-0.2021805961627
0.0228378610058648
0.344068341926267
0.148925245537928
0.280655188120765
0.13094451854592
0.210994113911999
0.0624155861590303
-0.579493943461609
0.255289182180627
0.0989999008117337
0.0648566124455492
0.0528917406730951
-0.120168241638641
0.165947835180809
NA
0.926209817569656
-0.433172461257556
0.17034484538199
0.31670195526938
0.278540805774368
-0.522794485936338
-1.37371150590546
0.218057855365192
0.335692384745517
0.0119022709538399
0.162713508370331
0.0369492839269014
0.241721816300068
-1.01702687058213
0.919009696477795
-0.0686996034809795
-0.267099509065908
0.0746904625956404
0.0364852319919819
NA
-0.120631003991964
-0.137180630113754
0.359442359253435
0.471579049390545
-0.43009535469311
-0.253818608024041
-0.281464194398211
0.240605175746904
-0.385103045548581
0.952810067515562
0.0393153258284293
0.0793115737634018
-0.768298209569283
0.498113555816534
0.269943126208098
-0.176061072914541
0.293152361877155
0.256321432834476
-1.56812603879991
1.15222294459562
