-0.360701525526869
0.0894196846104639
2.41296904792306
-0.595517777836708
2.42212576581822
2.0069268225138
0.84631953363649
0.456583789990392
0.559916807090289
-0.780504450515867
1.04624691820613
NA
-0.271629446051061
1.3830878747333
-0.550271572422584
-0.481590420511046
-0.327056139089871
-0.111925427668048
1.01937058239998
0.478196362827438
-0.920666399442976
1.54610376828585
NA
NA
0.1649014905937
0.441252848675238
-0.209690542574363
-0.275974495418432
-0.791374913036809
0.3521155915863
0.855771044241424
-1.05134272401793
0.555194508676071
-0.895522924838022
-0.290994580589558
2.20274149926155
NA
NA
0.0842909841379889
-0.391677682672527
2.8206338199704
-2.24649398746108
1.87185839304507
0.84071940599111
0.616179162033851
-0.987405024311825
1.14021467640723
1.15320452629743
0.700086968984067
-0.0414785124358877
-0.574454426214201
0.392318887925897
-0.568917173643934
-0.216859920726068
0.195897166702815
NA
1.46409801585417
1.23259057234071
NA
NA
-0.0309739195885304
0.48109105063182
0.0187997550476722
1.31440757076772
0.734033351441572
-1.47380193971301
0.22594143746216
-0.848876106673291
1.24228446706911
1.29974021958832
0.944854509223035
-0.289276662419933
0.225945956174951
0.374733774791656
0.192057297133945
-1.36093422031944
-1.46472229589974
-0.210702842990343
1.19869941171981
-0.391532716428669
2.6000707209418
1.02525457425972
-0.140970308556326
-0.423272630760712
4.75754037002702
0.0463772358558272
-0.375953872869012
-0.482793082175742
NA
0.266479490036913
-0.343783199957949
NA
2.07429854218732
0.658343564623529
-0.693298841102848
-0.96537911478233
1.678625191752
-0.793075534515594
1.1422514049336
-0.267699727755624
-1.02792130741138
-0.474652715074048
-1.85111191054287
0.13164804614835
1.80693669026524
-0.481034781081046
0.6722583956969
0.434129743616262
0.162658810158002
-0.519144466188834
1.53153150126662
0.539158631587217
1.73088373968278
-1.16530946319903
2.24145826124627
0.633068217571359
-0.0470903859816625
-0.0243538739570567
0.391933164049043
0.145659984913032
-1.45196295625377
0.364176563167369
0.754964871858014
1.3433305290231
2.09290920456596
0.427434556098682
-0.0498674335964345
1.38390700378166
-0.340589706632087
1.04954889368054
-1.03157387067802
1.59614105421569
-0.335994613598211
-0.115913664782651
0.413709698367084
-0.0285176866823333
1.11253931029746
0.884042876038639
0.908905465407006
0.727323697590629
0.456788402702673
2.68698925126191
0.143104635148745
-0.182109924623921
0.0801737003728171
1.24046012994589
-0.713064787759392
-0.734960972954357
2.20466901414568
-0.220170854295409
0.796750243093749
-0.438978902943001
-0.22510499374068
0.0626946342804099
-0.868480159001259
2.00644953043151
0.768697011009994
1.07914148814698
-0.767189660872066
-0.902642794165621
NA
0.775433209153559
-1.06811170804672
0.655485910682263
0.989525586862535
0.220360909580341
-0.781092957025806
-0.639163114086319
0.343526156543058
0.836070712487149
0.400288081349959
-0.288700960387331
-0.410867157946402
0.970387663650499
-0.395253709962049
1.54292440945856
-0.563756692006111
-1.45426122339396
0.622111342825624
0.949118152059368
NA
-0.660911354299763
-0.294810100650876
-1.82042769626886
2.66212875782302
-1.79312059967305
-1.10433606999555
0.344463110873714
1.14021285823525
-0.0197679623906961
-0.487641456020716
1.73253784625391
1.67254918065875
-0.345855027065343
1.11002036342014
-0.40557264354735
1.43117013682733
0.396674691601868
-1.36496407170416
-0.701820713037302
0.318470821579055
