0.057347670250896
0.189964157706093
0.39247311827957
0.473118279569892
0.448028673835125
0.114695340501792
0.390681003584229
0.0645161290322581
0.448028673835125
0.354838709677419
0.379928315412186
0
0.114695340501792
0.154121863799283
0.354838709677419
0.3584229390681
0.347670250896057
0.340501792114695
0.0448028673835126
0.263440860215054
0.114695340501792
0.453405017921147
0
0
0.387096774193548
0.161290322580645
0.172043010752688
0.0824372759856631
0.293906810035842
0.025089605734767
0.0501792114695341
0.137992831541219
0.139784946236559
0.14336917562724
0.057347670250896
0.419354838709677
0
0
0.021505376344086
0.0716845878136201
0.376344086021505
0.458781362007168
0.32258064516129
0.272401433691756
0.0501792114695341
0.417562724014337
0.241935483870968
0.43010752688172
0.308243727598566
0.14336917562724
0.247311827956989
0.154121863799283
0.166666666666667
0.111111111111111
0.193548387096774
0
0.089605734767025
0.197132616487455
0
0
0.10752688172043
0.448028673835125
0.139784946236559
0.139784946236559
0.0824372759856631
0.168458781362007
0.172043010752688
0.014336917562724
0.451612903225806
0.46415770609319
0.390681003584229
0.258064516129032
0.17921146953405
0.43010752688172
0.449820788530466
0.354838709677419
0.200716845878136
0.345878136200717
0.338709677419355
0.209677419354839
0.132616487455197
0.136200716845878
0.206093189964158
0.132616487455197
0.003584229390681
0.139784946236559
0.127240143369176
0.0609318996415771
0
0.159498207885305
0.111111111111111
0
0.327956989247312
0.476702508960573
0.161290322580645
0.293906810035842
0.302867383512545
0.424731182795699
0.25089605734767
0.209677419354839
0.0752688172043011
0.103942652329749
0.247311827956989
0.121863799283154
0.032258064516129
0.0967741935483871
0.136200716845878
0.136200716845878
0.211469534050179
0.0752688172043011
0.0645161290322581
0.211469534050179
0.114695340501792
0.043010752688172
0.172043010752688
0.224014336917563
0.0860215053763441
0.168458781362007
0.14336917562724
0.275985663082437
0.333333333333333
0.0752688172043011
0.417562724014337
0.046594982078853
0.0716845878136201
0.209677419354839
0.335125448028674
0.275985663082437
0.259856630824373
0.46594982078853
0.387096774193548
0.378136200716846
0.353046594982079
0.222222222222222
0.046594982078853
0.297491039426523
0.218637992831541
0.439068100358423
0.0860215053763441
0.431899641577061
0.0806451612903226
0.0286738351254481
0.189964157706093
0.003584229390681
0.0967741935483871
0.480286738351254
0.374551971326165
0.349462365591398
0.381720430107527
0.0681003584229391
0.28673835125448
0.0609318996415771
0.43010752688172
0.184587813620072
0.0896057347670251
0.243727598566308
0.333333333333333
0.225806451612903
0.390681003584229
0.132616487455197
0
0.043010752688172
0.232974910394265
0.376344086021505
0.376344086021505
0.146953405017921
0.240143369175627
0.017921146953405
0.28673835125448
0.387096774193548
0.379928315412186
0.0752688172043011
0.383512544802867
0.374551971326165
0.017921146953405
0.139784946236559
0.17741935483871
0.340501792114695
0.188172043010753
0.301075268817204
0
0.412186379928315
0.310035842293907
0.189964157706093
0.473118279569892
0.383512544802867
0.39247311827957
0.0681003584229391
0.258064516129032
0.274193548387097
0.039426523297491
0.3584229390681
0.283154121863799
0.0985663082437276
0.335125448028674
0.197132616487455
0.109318996415771
0.408602150537634
0.327956989247312
0.032258064516129
0.053763440860215
