-0.830729980889046
0.1494474769462
3.02186967174033
-0.719746648426845
2.76501591710487
3.5858897667892
1.02075397397262
1.08277811351614
0.633839826590133
-1.5995561992636
1.23117143069256
NA
-0.491269107475174
2.39069028436704
-0.67890563428565
-0.568941937581698
-0.42990961951303
-0.134500571673911
2.93217091986088
0.817548483369446
-1.62575725290917
1.7925724425435
NA
NA
0.215507172996759
0.724184381913355
-0.323444979848624
-0.634567197781292
-0.987750589306373
1.22442070861476
2.18270290177137
-1.75457134089519
0.900887718558097
-1.46724121946596
-0.635141593242295
2.63889124806978
NA
NA
0.30463280290897
-0.835464784480879
3.31348482059424
-2.52356076654166
2.36576187451455
1.10518762494425
1.54761620742968
-1.18756968928335
1.48413029212908
2.41945436778992
0.858997234682263
-0.0664080306781969
-0.742598295048719
0.626801362941764
-0.884823672020367
-0.396260405268987
0.279974915243315
NA
2.94362504262362
1.91695780353992
NA
NA
-0.0513163872759321
0.53728401038142
0.0289228631503775
2.14962915083164
1.5172501529922
-2.41578153465466
0.35235856265875
-3.95191386970941
1.42382952992355
1.48432908470827
1.11224069968791
-0.379764836899536
0.322227616313704
0.450192302123925
0.229827377492889
-1.6238454163884
-2.71066335211355
-0.299496082455427
1.55166933093202
-0.589663660649865
4.34871772867798
1.63396643343577
-0.206383770147021
-0.683081433978451
38.1477784545305
0.0812863066293303
-0.640404253431008
-1.13321496579925
NA
0.461649663049393
-0.725886648660733
NA
2.72229015831152
0.766266256607445
-1.10174557160744
-1.31461329580427
2.05263658234001
-0.954820792144595
1.51924776638718
-0.389628193725081
-2.2467073586508
-0.90486513296041
-2.59533952770796
0.236564164146083
5.57285867611991
-0.936656402294261
1.13070273250229
0.739071689008705
0.24138019553074
-1.12016226067441
3.59641710523593
0.80434152877497
3.38763599816763
-3.05501859856491
3.84961407006146
0.889981298324059
-0.0955835402569987
-0.0357131882747339
0.666457120789564
0.181689298274041
-1.85984074289231
0.791787916216379
0.943328428201477
4.24153691953182
5.87429439776633
0.631529450420551
-0.0612403786806386
1.7980729212104
-0.538112594537907
1.29955313176952
-1.3374093593797
2.0327667975589
-0.450622104905143
-0.161675533630378
1.05254969825336
-0.040167148068754
1.62047778152029
1.05157485861733
1.8970094812382
0.844122338776963
0.917037889834997
8.79575124067387
0.200434219527828
-1.60069480329467
0.147113812932361
1.42393886341102
-0.892338534813964
-0.913533445172039
2.66039165467561
-0.462859016554825
1.00324925311287
-0.991356641746003
-0.270591230262394
0.0918142254673402
-1.66654703583752
2.72638929575266
0.937617225546493
1.425639040393
-0.892398397314569
-1.49791176472427
NA
2.12745025464814
-1.53128634389648
0.840333111312848
1.29302483036652
0.348871587184124
-1.22436024706794
-2.50846531411404
0.452210045419339
1.07628484445123
0.510384985772376
-0.747164632909289
-0.526686146839763
1.2673609027503
-1.5700892564987
2.73320376464632
-0.856574430869536
-1.84021957185924
0.958239870974431
1.23328891403008
NA
-0.809702807358121
-0.406300505463559
-2.63406674231997
3.27517266497703
-2.35700711285005
-1.33510979635091
0.755122539067246
1.52994666956933
-0.0280441018397006
-1.26668867293943
1.99442544058808
2.13266251649257
-0.745879363515723
1.38939199003068
-0.631924995480176
2.71431655154852
0.489523962692477
-1.79338735517066
-2.23296954952505
1.11670703372656
