0.440142500207612
-0.0927592220777945
1.2290381718841
0.563305106049654
2.36190737239917
0.0389843953153751
1.13941481403266
0.474075367331763
1.34555809037458
-0.0753560395539418
-0.19370488472975
NA
-0.395033472575212
0.421898774419635
-0.794648098631913
0.111136000898458
0.140325364360691
1.2466823494835
1.10470748439101
0.482818923931583
-0.633996521158282
2.54169708595108
NA
NA
0.0972236829278723
-0.812225195110391
0.408914821941573
-0.596090058975115
-0.12711212543559
-0.183012133963599
-0.147094934443149
-1.26565688713469
0.871770852386657
-1.12762679277752
0.541708925918197
0.634571810321004
NA
NA
0.44715803530298
-0.15675051294268
0.677753706731362
-0.235901842023471
-0.248656532958322
0.236866051454995
-0.245493581956883
-0.96232336447568
0.67972254742387
0.386427288428667
-0.739486598563534
-0.831788971604714
0.424921302047229
0.789189779392969
-0.319714757542264
-1.52096230375051
1.00483149514691
NA
2.18234063179666
0.621431995472863
NA
NA
-0.80360140009393
0.132003900358343
0.876877863444785
0.707498483469695
-0.474750502163696
-1.00475579260931
-0.338913797991087
0.188773887700233
0.108335611203731
0.231396119891096
0.0855354304754122
-0.217350611144444
1.55232812492071
-1.6356743455206
-1.96230091952948
0.281082591036906
0.0824882670836956
-1.08195013250176
0.0977932272717582
-0.522792536207962
2.36626806629245
1.55020352005742
0.176225260784355
-1.39385080324504
1.04351503001019
1.01856763762005
1.34847677807951
1.20035507835282
NA
1.49343297967426
-1.0798267446904
NA
0.210552084980924
0.72617938329207
-1.75367763218318
-1.06291598938553
0.590303204316765
0.659317196763162
-0.10179553886983
0.650376068254218
-0.554998657317171
-0.306168317747361
-1.40866533337207
-0.0622058496773503
0.817458327495021
-1.0467894899818
-1.18953762497129
-0.515308704923003
-1.18786137213487
-1.23456049563076
2.02206699706121
-0.51419183500668
1.00641824181982
-1.48630678504421
0.688507863807715
0.379648862449552
1.50167119781156
0.570801587662759
-0.116599687550716
-0.837671667555354
-0.863446089828803
0.869106270934222
0.768450709649431
1.77355116976701
1.01150779236248
-0.844698594011844
-0.3903881907177
0.287251851114446
-0.772873784115329
-1.44139424365381
-1.13017829847018
2.78152848372897
0.398453890519319
0.471364742877893
-0.944229302145915
-0.264376989382959
0.40226072920974
0.379293145963256
0.5036147299895
0.175524553345569
-0.738729151247333
0.2897998290289
0.574676383472118
-0.820910359662541
0.783046161949819
-0.751038995480247
0.0772529542737724
1.18292574881149
0.524368600341486
0.570218210332096
0.445127397629971
0.399195714574358
0.222111893419261
-1.69408297218676
0.560935009829937
0.309710762631779
0.22726234550151
0.170171983854645
-0.441347474408505
0.425099810789227
NA
1.44009244884896
-1.26432540826952
0.563677957850803
1.02714138572097
0.750931696145727
-1.40572339966693
-1.49822709621178
0.703814022797755
1.10325643037222
0.0395247936331071
0.268206898629106
0.121980771421532
0.783447517865671
-1.09482943648368
2.1974211996997
-0.192997728869515
-0.893349996612601
0.206856674367785
0.119297164178508
NA
-0.419273447730379
-0.423896136217706
1.05646506014202
1.63093138506564
-1.39189997289122
-0.889397999159546
-0.548299720391564
0.761145942585018
-1.15715132257114
1.5760976783926
0.145362823558413
0.26368399874934
-1.53614282676726
1.6824269421628
0.737570167643271
-0.390517424430851
1.00782258005644
0.825648746042145
-2.10312953133756
1.39845518489907
