0.0562248995983936
0.188755020080321
0.397590361445783
0.473895582329317
0.449799196787149
0.120481927710843
0.385542168674699
0.0682730923694779
0.449799196787149
0.355421686746988
0.369477911646586
0
0.112449799196787
0.144578313253012
0.349397590361446
0.357429718875502
0.34136546184739
0.353413654618474
0.0461847389558233
0.275100401606426
0.124497991967871
0.467871485943775
0
0
0.403614457831325
0.164658634538153
0.184738955823293
0.0843373493975904
0.305220883534137
0.0281124497991968
0.0522088353413655
0.134538152610442
0.132530120481928
0.136546184738956
0.0642570281124498
0.409638554216867
0
0
0.0240963855421687
0.0642570281124498
0.381526104417671
0.473895582329317
0.313253012048193
0.265060240963855
0.036144578313253
0.423694779116466
0.22289156626506
0.443775100401606
0.313253012048193
0.136546184738956
0.240963855421687
0.156626506024096
0.170682730923695
0.116465863453815
0.200803212851406
0
0.0682730923694779
0.188755020080321
0
0
0.116465863453815
0.429718875502008
0.140562248995984
0.140562248995984
0.0883534136546185
0.168674698795181
0.164658634538153
0.0120481927710844
0.457831325301205
0.467871485943775
0.397590361445783
0.269076305220884
0.172690763052209
0.429718875502008
0.449799196787149
0.369477911646586
0.200803212851406
0.355421686746988
0.319277108433735
0.194779116465863
0.1285140562249
0.132530120481928
0.206827309236948
0.1285140562249
0
0.144578313253012
0.13855421686747
0.0562248995983936
0
0.160642570281124
0.110441767068273
0
0.331325301204819
0.477911646586345
0.160642570281124
0.29718875502008
0.299196787148594
0.439759036144578
0.248995983935743
0.22289156626506
0.0843373493975904
0.104417670682731
0.240963855421687
0.116465863453815
0.0240963855421687
0.100401606425703
0.140562248995984
0.1285140562249
0.208835341365462
0.0843373493975904
0.072289156626506
0.208835341365462
0.108433734939759
0.0481927710843374
0.168674698795181
0.226907630522088
0.0883534136546185
0.168674698795181
0.1285140562249
0.27710843373494
0.337349397590361
0.0763052208835341
0.421686746987952
0.0481927710843374
0.0763052208835341
0.198795180722892
0.331325301204819
0.281124497991968
0.253012048192771
0.473895582329317
0.393574297188755
0.3714859437751
0.343373493975904
0.216867469879518
0.0441767068273092
0.309236947791165
0.21285140562249
0.443775100401606
0.0883534136546185
0.43574297188755
0.0783132530120482
0.0240963855421686
0.188755020080321
0.00401606425702811
0.100401606425703
0.493975903614458
0.36144578313253
0.355421686746988
0.383534136546185
0.0642570281124498
0.289156626506024
0.0682730923694779
0.441767068273092
0.190763052208835
0.0883534136546185
0.261044176706827
0.34136546184739
0.224899598393574
0.397590361445783
0.132530120481928
0
0.0321285140562249
0.224899598393574
0.389558232931727
0.389558232931727
0.1285140562249
0.253012048192771
0.0200803212851406
0.289156626506024
0.405622489959839
0.397590361445783
0.0763052208835341
0.401606425702811
0.393574297188755
0.0200803212851406
0.140562248995984
0.188755020080321
0.345381526104418
0.198795180722892
0.285140562248996
0
0.411646586345382
0.317269076305221
0.184738955823293
0.477911646586345
0.389558232931727
0.395582329317269
0.072289156626506
0.257028112449799
0.295180722891566
0.0441767068273092
0.365461847389558
0.285140562248996
0.0983935742971888
0.331325301204819
0.194779116465863
0.106425702811245
0.413654618473896
0.335341365461847
0.036144578313253
0.0602409638554217
