0.0543478260869565
0.192028985507246
0.393115942028985
0.471014492753623
0.449275362318841
0.115942028985507
0.391304347826087
0.0615942028985508
0.445652173913043
0.355072463768116
0.376811594202899
0
0.115942028985507
0.152173913043478
0.351449275362319
0.355072463768116
0.344202898550725
0.344202898550725
0.0452898550724637
0.264492753623188
0.115942028985507
0.451086956521739
0
0
0.38768115942029
0.16304347826087
0.173913043478261
0.0833333333333333
0.293478260869565
0.0253623188405797
0.0471014492753623
0.135869565217391
0.13768115942029
0.141304347826087
0.0579710144927537
0.416666666666667
0
0
0.0217391304347826
0.072463768115942
0.376811594202899
0.460144927536232
0.322463768115942
0.271739130434783
0.0507246376811594
0.418478260869565
0.240942028985507
0.431159420289855
0.311594202898551
0.144927536231884
0.239130434782609
0.152173913043478
0.164855072463768
0.11231884057971
0.192028985507246
0
0.0869565217391305
0.199275362318841
0
0
0.108695652173913
0.442028985507246
0.13768115942029
0.13768115942029
0.0833333333333333
0.166666666666667
0.170289855072464
0.0144927536231884
0.445652173913043
0.458333333333333
0.38768115942029
0.253623188405797
0.181159420289855
0.431159420289855
0.451086956521739
0.358695652173913
0.199275362318841
0.346014492753623
0.331521739130435
0.208333333333333
0.134057971014493
0.13768115942029
0.208333333333333
0.134057971014493
0.0036231884057971
0.141304347826087
0.128623188405797
0.0615942028985507
0
0.155797101449275
0.11231884057971
0
0.327898550724638
0.471014492753623
0.16304347826087
0.297101449275362
0.298913043478261
0.425724637681159
0.25
0.21195652173913
0.0760869565217391
0.0978260869565217
0.242753623188406
0.115942028985507
0.0253623188405797
0.0942028985507246
0.130434782608696
0.126811594202899
0.202898550724638
0.0760869565217391
0.0652173913043478
0.202898550724638
0.108695652173913
0.0434782608695652
0.170289855072464
0.226449275362319
0.0869565217391304
0.170289855072464
0.13768115942029
0.278985507246377
0.333333333333333
0.0760869565217391
0.418478260869565
0.0471014492753623
0.072463768115942
0.208333333333333
0.335144927536232
0.278985507246377
0.26268115942029
0.467391304347826
0.384057971014493
0.378623188405797
0.34963768115942
0.217391304347826
0.0471014492753623
0.300724637681159
0.217391304347826
0.440217391304348
0.0869565217391305
0.432971014492754
0.0815217391304348
0.0253623188405797
0.192028985507246
0.0036231884057971
0.0978260869565217
0.481884057971014
0.371376811594203
0.34963768115942
0.385869565217391
0.0688405797101449
0.289855072463768
0.0615942028985507
0.431159420289855
0.186594202898551
0.0869565217391304
0.242753623188406
0.33695652173913
0.221014492753623
0.391304347826087
0.130434782608696
0
0.0434782608695652
0.228260869565217
0.376811594202899
0.376811594202899
0.148550724637681
0.239130434782609
0.0181159420289855
0.289855072463768
0.38768115942029
0.380434782608696
0.0760869565217391
0.384057971014493
0.375
0.0181159420289855
0.13768115942029
0.177536231884058
0.33695652173913
0.190217391304348
0.304347826086957
0
0.41304347826087
0.313405797101449
0.188405797101449
0.47463768115942
0.38768115942029
0.393115942028985
0.0688405797101449
0.253623188405797
0.277173913043478
0.0398550724637681
0.355072463768116
0.278985507246377
0.0996376811594203
0.331521739130435
0.195652173913043
0.106884057971014
0.409420289855073
0.327898550724638
0.0326086956521739
0.0543478260869565
