0.111039020229498
0.601437696718397
0.734488292467392
0.675631694292236
0.947864832170891
0.819173504606142
0.818729266189817
0.898394144743573
0.839670484046305
0.593318353277498
0.573428418750676
1
0.589948332556996
0.531531518616081
0.983649081592373
0.112539583776273
0.124832584513675
0.404422481780045
0.618754402608015
0.978592096334613
0.780152879088494
0.714462373642301
1
1
0.781042662901639
0.303938457099721
0.202573440959423
0.260593770298355
0.957664823880952
0.208356360893409
0.415484332608828
0.698632440127364
0.679700139909141
0.895554846497106
0.149916613932904
0.957839537923174
1
1
0.317361018842547
0.541396601786561
0.648957087812489
0.556746102185947
0.367631855197667
0.408976505139975
0.250111242427709
0.762142452175511
0.267003176838602
0.941538710053172
0.606371812729072
0.286373069019052
0.120630529307357
0.451804683267235
0.340530056258176
0.734103554793929
0.504854104833793
1
0.644671764434475
0.255805744116318
1
1
0.358766283785574
0.598870807174656
0.18730264170315
0.190209662664406
0.730435794821958
0.908689326794849
0.583521228752596
0.0586702104547387
0.935909302138886
0.791443855280728
0.977283250237909
0.623580030377213
0.700179803460483
0.611443468942902
0.516298097206531
0.0846050169510446
0.38191411639738
0.156755235272741
0.708972554579192
0.211841272195944
0.0131694126376175
0.702263163066414
0.667271721521356
0.943379505409796
1
0.723856060567207
0.948117356167907
0.690120531761084
1
0.646511286792882
0.594015076765127
1
0.297923150926536
0.266454303374478
0.571378130556901
0.533341890303177
0.0603999518621534
0.12952674229115
0.841836270407796
0.0846828642830875
0.057115276159398
0.0977545403048064
0.861836808514091
0.0426319498956354
0.207123421798856
0.0283415204282431
0.519811749889629
0.109034175503045
0.997569015966508
0.0716034418278511
0.0537295736587622
0.706283136689858
0.78331493981033
0.0191922856200943
0.0912121068729427
0.365879856324998
0.460639492616388
0.162306011812379
0.225218716508085
0.520230047268427
0.912639678789298
0.172290753451467
0.737689681213982
0.375436393617182
0.249159068668679
0.829753414077923
0.181544801235787
0.497382682328697
0.771345802472901
0.349216322916842
0.302145479498195
0.962808961202034
0.774560992470642
0.692648051159427
0.840115201332954
0.315632245546283
0.400790284014471
0.952911168654467
0.462618070931562
0.634482194653299
0.209577454872351
0.737993977806366
0.215743365043907
0.587234600518166
0.501095884049485
0.164568807701433
0.554865685403868
0.866807008172305
0.609148280291238
0.526337720256295
0.902532438005468
0.051091716853629
0.448232142509712
0.802914918192092
0.35554515246213
0.570730842470973
0.293118885187764
0.984088171100129
0.890519110456199
0.54145888069883
1
0.298960648315706
0.166966082390434
0.097369819245226
0.074348953686826
0.421170693194323
0.0844378599016911
0.631113465906336
0.940049925393239
0.0940974386585422
0.116268415367386
0.981888491672776
0.0842763379305304
0.130676840161818
0.0525713518725784
0.904425768004805
0.810215010706911
0.831548425232628
0.126338960754293
0.262675154105264
1
0.673579703597568
0.328388985757207
0.548230363100438
0.968514555563029
0.677105290538562
0.601904229417772
0.180677250824985
0.270189118551383
0.574493146655566
0.246576061758645
0.821623858282469
0.606936429530007
0.0233065491619391
0.159670123855772
0.375024310061811
0.349010012555491
0.179843180354509
0.0101216996204397
0.989755698319675
0.275330276311488
