0.490184121738336
0.489838170383681
0.492644953497436
0.490415079505819
0.500247298798261
0.489824931004931
0.492248269224929
0.490242095204081
0.493205573138653
0.489832702807808
0.489892210575213
NA
0.490113717231661
0.490154731669794
0.491002163386197
0.489845172598685
0.489858889464686
0.492726585798699
0.492102714360445
0.490257730679528
0.490573251376424
0.501894851343005
NA
NA
0.489839755432145
0.491054945620706
0.490134572645184
0.490486113306428
0.489852285715382
0.48988468285122
0.489862525578995
0.492815671599015
0.491242337239905
0.492198327975469
0.490370482701788
0.490574615202723
NA
NA
0.490195754706718
0.489868008222844
0.490680516745554
0.489926088064123
0.489937637879609
0.489926939943987
0.489934717022123
0.491552708248099
0.490685511358296
0.490101148923721
0.490844017258337
0.49111505154095
0.490159514890579
0.490986007579057
0.490013113290778
0.494145197049457
0.491708976070246
NA
0.498722379265512
0.490543773439154
NA
NA
0.491028904949174
0.489854654468194
0.491259026165333
0.490757518134947
0.490243292319527
0.491708691770601
0.490036744126564
0.489888686046279
0.489844024033027
0.489922153312757
0.48983576345884
0.489910374601517
0.494325340828044
0.494821891487505
0.497018075327255
0.489969738631713
0.489834806649773
0.492009718950176
0.489839962999388
0.490332851896041
0.500285829612516
0.494313022453814
0.48988012657259
0.493452801031176
0.491857053403536
0.491760916477294
0.493220267470504
0.492514731961887
NA
0.493990117420771
0.492001140690479
NA
0.489904938108949
0.490807568629679
0.495569320201187
0.491933424574663
0.490473283200283
0.490634449509822
0.489841455814399
0.490612565800691
0.490397720127103
0.489997268833
0.493530389111362
0.489829322243842
0.491070883260182
0.491869844513956
0.492466419136293
0.49031833336421
0.492458971806205
0.492670377904112
0.497463088832159
0.490316184602906
0.491714940001095
0.493950435286816
0.490707974766438
0.490091444722287
0.494036228387005
0.490430967548448
0.48984749788203
0.49113340473215
0.491215342158766
0.491233668497032
0.490925638367717
0.495700319151329
0.491734133037078
0.491155497289636
0.49010689896553
0.489976290966173
0.490938378599631
0.493704708015344
0.492209093668496
0.504280683626026
0.490118789219381
0.490237306010653
0.491488240293513
0.48995270984531
0.490124485629315
0.490090940210185
0.490296066312785
0.489879665966572
0.490841924836427
0.489979038666541
0.490439262131605
0.491081452541941
0.490967956594803
0.490876196110038
0.489833243794944
0.492437104586437
0.490335936123534
0.490429723601865
0.490192368642078
0.490119895007881
0.489914284853623
0.495185344756682
0.490410100025064
0.490001345991144
0.489918610116679
0.489876208035388
0.490186106709163
0.490159798452692
NA
0.493697698013135
0.492809376381194
0.490415864764303
0.491793693808006
0.490875894936029
0.493514916059972
0.49401692020037
0.490747800599852
0.492096727011713
0.489825010290378
0.489956521692738
0.489849897066455
0.49096913153921
0.492062111055298
0.498845811102804
0.489891699539497
0.491313518826665
0.48990205551638
0.489848687038048
NA
0.490150604738119
0.490157888715063
0.491907874608595
0.49479293771046
0.493442645076196
0.491300352470003
0.490383908085722
0.490904757800184
0.492324390506536
0.49446430597311
0.489861578910684
0.489952025980193
0.494231924406364
0.495111795601389
0.490838727335243
0.490107087561917
0.491720226183157
0.491096032853316
0.498088007967536
0.49347682768688
