0.274223241727786
0.273901987427654
0.28919895785931
0.274813965443711
0.289315435771399
0.284477436213133
0.275765326961425
0.274429404728153
0.27470574583707
0.275483641294926
0.276760783193712
NA
0.274075063364492
0.278913619505523
0.27467757445047
0.274491126362263
0.274162363821504
0.273913908990586
0.276614727426255
0.274482556127232
0.276110943490986
0.280169870686966
NA
NA
0.27395249116902
0.27439319169576
0.273996630846405
0.274081323158304
0.275528595050853
0.274207140299182
0.275807650565354
0.27678890428353
0.274691891989702
0.275990804173721
0.274103727413726
0.286646098200861
NA
NA
0.273899643562751
0.274284556211004
0.294812056788811
0.287158236077726
0.283099121698668
0.275740471502803
0.274879830060968
0.2764459634099
0.27730131277607
0.277379689358948
0.275170396081028
0.27388547765621
0.274749131600017
0.274285878754557
0.274732475225325
0.274004676302218
0.27398191266658
NA
0.279520431224513
0.277877972348775
NA
NA
0.273883475347944
0.274489861615129
0.273881881166977
0.278426212601492
0.275298475054252
0.279595435000974
0.274015255825041
0.275776728849646
0.27794108992637
0.278325338291973
0.276229657179739
0.274101104812442
0.274015261197137
0.274250391770083
0.273977993479689
0.278753688845859
0.279525241510852
0.273997750449363
0.277661190981749
0.274284257504912
0.291666573809144
0.2766463782131
0.273933233561296
0.274352296574878
0.333428475904811
0.27388660993103
0.274252801413394
0.274494177712001
NA
0.274067772610038
0.274191885218667
NA
0.285200816980559
0.275021211462734
0.275145512083658
0.276332804999524
0.281294159936452
0.27553568405237
0.277313543051187
0.274069487476003
0.276660782921192
0.274473672846002
0.28289591744533
0.273926547425948
0.282470782364677
0.274489719184277
0.275069922215957
0.274376787082217
0.273950558500363
0.274589998635204
0.280051881279863
0.274645723150526
0.281762917100896
0.277453525841355
0.287098778243547
0.274935337674885
0.273886785295216
0.273882511733987
0.274285082905081
0.273936769980243
0.279427333886735
0.274229868823351
0.275380471249909
0.27862844635424
0.285404852477556
0.274361611366303
0.273887493672971
0.278919582431673
0.274186135354716
0.276778989488035
0.276680573444337
0.280583520195191
0.274177956076414
0.273916299596342
0.274331239108186
0.273883090911999
0.277137289346019
0.275937056888473
0.276054333897641
0.275272678885915
0.274429896404307
0.29287557118715
0.273934828678331
0.273968201446678
0.273897862077611
0.277929173778359
0.275218645185381
0.275302060058525
0.286668448327668
0.274008483112515
0.275551053957452
0.274387925756149
0.274014263265144
0.273891292265418
0.275865302593092
0.28447239665029
0.275435517222122
0.276944716877129
0.27542942645402
0.276024486376393
NA
0.275462882352642
0.276882408152807
0.275011333954875
0.276456992540047
0.274008703382806
0.275486059087829
0.274955737722023
0.274191420427905
0.275719964208351
0.27430249645793
0.274100229410441
0.274325072639391
0.276358312252866
0.274291959700133
0.280144032611424
0.274717097437476
0.279444906176957
0.274899155780347
0.276250902010247
NA
0.275030123703664
0.27410960779285
0.282599528519836
0.292525714103618
0.282339926457629
0.277089445568521
0.274193116322416
0.277301301867948
0.27388197940759
0.274506556014523
0.281777988986675
0.281240590838645
0.274195644229571
0.277122560416406
0.274313700319955
0.27926961749925
0.274294920255128
0.278782588818105
0.275176790530323
0.274147783419622
