0.249676639657185
0.242694007962119
0.24221024350207
0.242394312047362
0.241870895473846
0.242017904122705
0.242018705777792
0.241907744959399
0.241983190295534
0.242731908607418
0.242829400911743
NA
0.242747957703201
0.24305788686527
0.241859084763665
0.249611093814322
0.249108142567965
0.243990160480538
0.242616700125706
0.241860003887809
0.242096484778988
0.242267953805983
NA
NA
0.242094505876697
0.245102059151929
0.246848030378478
0.245744574365565
0.241866430157048
0.246721888022071
0.243891606977149
0.242317109564657
0.242380146059081
0.241910591826449
0.248234925468804
0.241866358990234
NA
NA
0.244926595474635
0.243001113132642
0.242492817677733
0.242916482109011
0.244348167321431
0.243949111552502
0.245920350298945
0.242138466521392
0.245641370099673
0.241874272875437
0.242671496973273
0.24534747322134
0.24927361412857
0.243593941564396
0.244645665598104
0.242211306139013
0.243221295701681
NA
0.242509577128641
0.245823755138871
NA
NA
0.244442074402855
0.24270587394629
0.247202663536506
0.247132593764536
0.242221526224001
0.241898093546051
0.242779091396024
0.252887278582114
0.241877605650295
0.242072028699858
0.241860281917296
0.242595989666634
0.242312163922346
0.24264876252465
0.243149380101095
0.251023409575103
0.244203360282779
0.248025369279934
0.242284641635949
0.246647863758345
0.260921583684361
0.242305553679379
0.242424124176602
0.241873249987751
NA
0.242240270370597
0.241870768723921
0.242344868934013
NA
0.242502350556498
0.242728614022335
NA
0.245183999098444
0.24565008637723
0.242839836597516
0.243047325003852
0.252737447240318
0.248930497118157
0.241979780198018
0.251018795973311
0.25302605697987
0.250303403351095
0.241950584768469
0.254552941746028
0.246748430755832
0.256727694914935
0.243127854910195
0.249765759108425
0.241857826599543
0.251866354991938
0.253342725152222
0.242292955456412
0.242089492519076
0.258844404294122
0.250647452190706
0.244366474064115
0.243527073964026
0.247862811819167
0.246376660480365
0.243125309420272
0.241894668582528
0.247585872428405
0.242201470420594
0.244268075872864
0.245936766717129
0.241999432257536
0.247345275473562
0.243269779423673
0.242116553012067
0.24454688133516
0.245126261771746
0.241864458424856
0.242109125133858
0.242336527763462
0.241982486082299
0.244948644222035
0.244023388607285
0.241868479893647
0.243512376759507
0.242550499542572
0.2466957836867
0.242200642931609
0.246566681936625
0.242761018732747
0.243245529593683
0.247798363808418
0.24292661338759
0.241943966938394
0.24265900065332
0.243088550940344
0.241903739149547
0.253604562054172
0.243621568132103
0.242048625312826
0.244476992520594
0.242843146517105
0.245250991562096
0.241859016581385
0.241915838603378
0.243000760732353
NA
0.24516971447592
0.247731187158888
0.250322927605516
0.251675253291343
0.243842445766254
0.251033331713572
0.242564365473455
0.241875124268724
0.250492496516999
0.249452322611087
0.24185937680095
0.251042939677857
0.24888807144132
0.25345596657367
0.241901963085125
0.242034478923966
0.241996415838537
0.249050332324671
0.245710715888388
NA
0.2424015415485
0.244789584179516
0.242962887126292
0.241862570648641
0.242389155402585
0.242691862757186
0.247367219710567
0.245591215784156
0.242824010570319
0.245981691900159
0.242013520144073
0.242668945832002
0.257785230333668
0.247939198300302
0.244272246107438
0.244549188727365
0.247388432947018
0.262390050329459
0.241858303158465
0.245511828465597
