0.660183449727648
0.926163131352912
0.220119691450268
0.573691204831131
0.0188859542703941
0.968931427566166
0.255532604897041
0.63582649267499
0.179565655358437
0.939986827957511
0.846551542499008
1
0.693127790581037
0.67343216233351
0.42751103165183
0.911590463031424
0.888506781990688
0.213586506899121
0.27026261048153
0.629612672948485
0.526615894026998
0.0115869749733537
1
1
0.922620361155882
0.417372697377972
0.682923947717808
0.551610784911824
0.898945572387902
0.854924836991094
0.883166057252025
0.206718989440596
0.384102233781246
0.260471277824108
0.588462492289067
0.526241086083971
1
1
0.655116819221502
0.8755577602517
0.49850397001861
0.813686367850484
0.803814116510746
0.812938998507687
0.806259404176112
0.336741911580205
0.497258216821437
0.699482357028577
0.46024928841137
0.40625770638623
0.671229989075403
0.430688458240532
0.749430001740038
0.129430909568881
0.315871056669727
1
0.0299399505110331
0.534835885419979
1
1
0.422328922114143
0.895078798568919
0.381326778213877
0.479862498172761
0.635345764926155
0.315907449732423
0.734936162776411
0.85041081043262
0.913809348028806
0.817181053318756
0.931898655617311
0.828098067176598
0.121746464481467
0.103064374461518
0.0507468330262497
0.778860751457085
0.934319117408954
0.280232955299042
0.922168509098752
0.601544206504415
0.0186695005547158
0.122255391834931
0.860248109329241
0.164500356060647
0.297636365946529
0.309313390463704
0.17862682061569
0.231045839485759
1
0.136482952527639
0.281175898184139
1
0.83339444805504
0.468353216873027
0.0806120702095794
0.288762812204237
0.555477493685227
0.510249906447262
0.918993967360294
0.515998289319499
0.579351690494728
0.759710708475186
0.160076220383505
0.950444589641934
0.414382016356198
0.296125986772062
0.235265495655331
0.606755862154871
0.235924243291657
0.218059598879376
0.0441482205468073
0.607535374525985
0.315108884823482
0.138356162803256
0.491719824469304
0.704502326634879
0.13434202783642
0.568605410582572
0.907263328938837
0.402950568364077
0.388652970538793
0.385555248663148
0.442886132805184
0.0772562889923097
0.312672395497407
0.399021499383161
0.696555075430827
0.774138200792744
0.440268167920073
0.150623600431715
0.259396715213432
0.00578870166805855
0.690608234835236
0.637758136694515
0.345890448524048
0.791689651422414
0.687808081470411
0.704766123366745
0.614939759061508
0.860798076174063
0.460708437061736
0.772190169757992
0.565985177452643
0.412416210750846
0.434281243392296
0.453278454146838
0.93847911145369
0.237871501151053
0.600449247210826
0.569000409208934
0.656581721069347
0.690062244141081
0.82439345664763
0.0913941854868487
0.575303633665876
0.757018055912094
0.820390471494762
0.865001387962179
0.659312092042833
0.671100018490133
1
0.150991223109219
0.207195574027215
0.573437741679943
0.305266442643785
0.453342922778452
0.160947509629173
0.135233873380381
0.482150665358493
0.270890945042649
0.968500981204498
0.788743355811355
0.903004317383157
0.434046000332276
0.274559890070738
0.0288335674425034
0.847104776361279
0.372459491500538
0.836276560701
0.905127991521233
1
0.675347228131181
0.671976594317131
0.291693208849203
0.104062109027691
0.165089775839809
0.374575131603912
0.58393584015444
0.447229272342326
0.248225721665668
0.116165620265145
0.884532075214569
0.792223080583647
0.125665745360895
0.0936336212757297
0.461411486811394
0.696459642231789
0.314435344792696
0.409726944383772
0.0363730658434284
0.163115519101124
