0.718599496559067
0.928813468474374
0.0164774840590015
0.551987184733026
0.0160767105540417
0.0457360499870043
0.398110352240101
0.648330644306201
0.575991976160823
0.435765313645131
0.296365773147482
1
0.786110758159579
0.167759814627655
0.582579795601078
0.630479939949119
0.743874231093379
0.91096418611399
0.308923008971608
0.632890372368645
0.358031546321324
0.123229494103027
1
1
0.869142667314882
0.659376680250644
0.834064468094023
0.782774929866807
0.429407269063103
0.725021257549855
0.392869442967652
0.294024175955092
0.579212948518716
0.371290796424414
0.771274812466172
0.0284425951865976
1
1
0.932886408835502
0.695599717174274
0.00514188581481676
0.025466007808403
0.0622875898288238
0.401235537211062
0.538285975960197
0.324312081446588
0.255188952616663
0.249827792280798
0.484464817218698
0.966944521206707
0.566129936679626
0.695126497371974
0.569876683611076
0.828478306180267
0.844835329797944
1
0.144309328112898
0.218781271113281
1
1
0.9753128062632
0.63083434123884
0.985014481807619
0.189804297042567
0.463553779884036
0.141678679887071
0.821414800817022
0.396688557421597
0.215189952417988
0.194778448221797
0.345562565663857
0.772587631434182
0.821411289781508
0.708147287537675
0.847839065236637
0.174648696733447
0.144138966161024
0.833275196646972
0.231676781015876
0.695706721127383
0.00982418171818662
0.306144074966739
0.887996604326823
0.67242719164639
3.16865572681021e-06
0.963043240570946
0.707241045436658
0.629626765485166
1
0.790069652236569
0.731272038388912
1
0.0389819164074967
0.510868160212832
0.488707159128356
0.33520313272685
0.0943610138737295
0.428417515608678
0.254343080565471
0.789131129595757
0.304890114395176
0.635411231851951
0.0652255641782689
0.895358944028853
0.071865044602746
0.630874280922768
0.501983631359308
0.664534633797292
0.870906538700415
0.604077542870377
0.126787618160445
0.590213625962887
0.0845941754419054
0.244903523838156
0.025794201099166
0.527215185447798
0.962475368878592
0.98058800288843
0.695411153506594
0.884296519831119
0.147651817368084
0.71600601734486
0.45091613098284
0.180272454687179
0.0372736085056745
0.66939733649487
0.960264228876445
0.167509089860835
0.733672517661506
0.294847040449167
0.303178162729963
0.111605792170779
0.737131141785946
0.90780556386363
0.679409174462675
0.977269946077906
0.266877925368464
0.377445296972277
0.364195888955855
0.467646416956213
0.648183737574192
0.00764909312978253
0.886312343273052
0.855630627261093
0.936157420085561
0.2158625356039
0.476410305473139
0.462989548390639
0.0283053777702247
0.825901450071598
0.426283416071237
0.661021526567125
0.822064778673779
0.950055213992183
0.38588881570162
0.0457872305483453
0.442732845048192
0.281470245743717
0.443626915135285
0.367505444583123
1
0.43875001688548
0.286406838393724
0.512702926276714
0.323275900675092
0.825753589467547
0.435419709374377
0.523248850878637
0.731465154821453
0.40384098456081
0.689255119569311
0.773027724852758
0.681489915015666
0.332706002343463
0.692962077784274
0.123999038104335
0.57337916116262
0.147014255534794
0.534384101353561
0.343393853512973
1
0.509222449824053
0.768361383237096
0.0697807465345409
0.00822201005776233
0.0740524420466556
0.270412707733489
0.730761304631063
0.25518970859765
0.984242810130126
0.626192349988921
0.0842989915546413
0.0955533246676797
0.729716103030506
0.267959925251186
0.685371992501737
0.153516871966683
0.691915012855999
0.173380023919388
0.483384514522186
0.750369555757494
