1.59926969888541
0.523007757207608
-0.339544257224916
0.418929541758342
0.0654548086291891
-0.228851757611798
-0.229423975855911
0.127821620563874
-0.202528267226635
0.534728902683852
-0.563760795752359
NA
-0.539615516800691
-0.62655208246465
-0.0205150341292686
-1.59255220142607
1.54003227538997
-0.835181765476752
0.498245450765038
-0.0268612416010472
-0.279424535163073
-0.366289820434288
NA
NA
0.278263798237423
1.0301688091152
-1.27764700733855
1.12757456746468
-0.0531381032846632
-1.26139556296178
-0.815653242102216
-0.387618161195575
-0.413361884842026
0.131413929157814
-1.44431874480552
0.0529186003114215
NA
NA
1.00192360082269
-0.611552082005321
0.455768220687495
-0.58848265624218
0.902573064772161
0.827103889670826
1.15278940937191
0.3030032110154
1.11250379732372
0.0734107082868367
0.515919977001803
1.06842243523707
1.55750688834625
0.753604184379131
-0.954963040699511
0.340055741809945
0.667848082401014
NA
0.461743376461538
1.13900204416446
NA
NA
0.919432755040972
0.526705477871684
-1.32226617878654
1.31357030459615
0.344936305521061
-0.114809584154019
-0.548971052770238
-1.89945072322267
0.0804943110885142
0.264722704748312
-0.0285039301007873
-0.49139985634988
0.385525671075578
0.508661610604805
0.649997199785701
-1.73153480145095
-0.875939223289236
-1.42038993842556
0.373667069671875
1.25176047573272
2.49721006070776
0.382711027663151
0.430411393840211
-0.0710952161724128
NA
-0.353712530361783
0.06513731740364
0.399159562680719
NA
0.459176461254045
-0.53372023551912
NA
1.0430971166564
-1.11378450689472
0.566780300024923
-0.623788878045718
1.88650494528818
-1.52104860028741
-0.199755359292782
-1.73109895395302
1.9113632838759
1.66213345878163
0.174218048866498
2.03783638816001
1.26483251997818
-2.2054868912463
0.644558095134355
1.60835814293132
0.00304987674897714
1.80940686618389
-1.93827156073504
-0.377288560358947
-0.275301280159769
2.35724005814507
1.69565070498153
-0.905884404854519
-0.73894914842287
1.40154647662909
1.21580817406899
0.643911848791104
0.109822048124723
-1.36884673458013
-0.33529165280155
0.887940870734331
1.15511622176567
0.215245662314927
1.33979043523679
-0.679618153041865
-0.290934183651794
0.937891547068325
1.03400426752901
0.0466762683745541
0.286727964740293
0.395726965248177
-0.201958758221177
-1.00551647774312
-0.841663836583346
-0.059111407161406
0.735688902878977
0.476018169893192
1.25800621452973
-0.334887754384273
-1.24110775656634
0.543559904752853
-0.67375688551159
1.39400523257731
0.591291750391787
0.167890244886515
0.511943047416745
0.634506267616492
0.122588761871159
-1.96024170184672
-0.759576423303376
0.249844955478359
-0.925623490179423
-0.567734651234307
-1.05354917409639
-0.0199640464549334
-0.137789413171465
0.611457826377686
NA
-1.04085487680568
1.38610103201423
-1.66405358067645
-1.79204935633571
-0.805734957359475
1.73247177554678
-0.480758835369419
0.075283703140754
-1.6806376539853
-1.57616179576733
-0.0227243596745363
1.73337859865582
-1.51647972344012
-1.94780380366707
-0.120195783988955
0.240405906611886
-0.21294125480269
1.53388030419299
-1.12265256220432
NA
0.421742625559075
-0.979301993973526
-0.601241742665298
-0.0395114329239623
0.416911433002152
0.522336466752814
1.34246665080298
1.10510562815997
-0.562194780358767
-1.16145994576588
0.225696832007529
-0.515110575543718
2.28256622323771
1.41043245904553
0.88870869126402
0.938293843962471
1.34504865530425
-2.59160493930311
-0.0128526852203061
1.09329302286144
