0.804348950625879
0.171329659212439
-0.0908404860886716
0.109804447067514
0.0161601021565723
-0.0866821199724561
-0.0585536438775982
0.0652479279515035
-0.0486286890821557
0.0710262170385629
-0.13660614399787
NA
-0.211615828191686
-0.250520138931826
-0.00552028587741926
-0.400531953716531
0.444245155632016
-0.210134486343527
0.315607313647945
-0.00934981031229576
-0.104810521573818
-0.0838129032026256
NA
NA
0.0672186261882111
0.338275702334545
-0.421926957939794
0.572435342976778
-0.0138409924384568
-0.924163731408544
-0.448627596925519
-0.138830454851288
-0.14508038165392
0.0468923629256786
-0.651398952663605
0.0135517421708391
NA
NA
0.737826739025795
-0.303451905657603
0.106473492669479
-0.130782083143724
0.209085796375604
0.236046949552161
0.748467452911143
0.0778485258768118
0.321661897061957
0.0336905416791566
0.116581506865595
0.379287586644093
0.359962225257682
0.259567850149049
-0.321292648230511
0.132437261702377
0.175429366429864
NA
0.231536197903651
0.392196311889649
NA
NA
0.0602729319528925
0.106317902289848
-0.3435422472346
0.467074906733427
0.152254306108377
-0.0413665254754143
-0.189308119942908
-2.09846571538992
0.0176358460815642
0.0591421865377573
-0.00688408709641664
-0.11818254540783
0.109057000063022
0.108152919073468
0.142961445665488
-0.424560595000935
-0.258597707784119
-0.415257389826317
0.106455203272492
0.425886308138808
0.926262317123232
0.132186473017946
0.110527367014367
-0.0248714497829816
NA
-0.100339329922928
0.0157087903970705
0.212079400358089
NA
0.1264227946868
-0.242057633565011
NA
0.297573594837683
-0.254737386725944
0.155420924076836
-0.17957362341978
0.508034533951209
-0.398116814412511
-0.0596101491676393
-0.46492936141836
0.876217221211412
0.691141440940221
0.0535760488183605
0.789566507798145
0.950875337730874
-0.923510953104135
0.229993826557422
0.603505240721097
0.00100381663452076
0.814124611092939
-0.954183031421714
-0.124623123841697
-0.122664060970039
1.27991908920242
0.662723573346668
-0.276604873454627
-0.326249105161913
0.458372319480564
0.483377346869111
0.157157773297435
0.0307265295825925
-0.665943739951537
-0.0930118889444334
0.578189590557201
0.675714131483076
0.0718384922231436
0.310701755879808
-0.195413858607085
-0.101918160460833
0.249454921565018
0.29203046834215
0.0133053639734761
0.084758396596607
0.119915881035476
-0.115151169285951
-0.301763500681659
-0.275846582487898
-0.0153328882897679
0.330724889450913
0.098719385430428
0.563429558901388
-0.264213563673536
-0.381910231190552
0.998784149105442
-0.259733631022598
0.309568007041466
0.161841042497735
0.0396600576053157
0.136076723555352
0.30126833246168
0.0301291009469882
-0.917731725280343
-0.136492646203094
0.053099724828197
-0.376752497814003
-0.0980217485719168
-0.21013467129591
-0.0039088514164245
-0.0312336888072204
0.217239108013025
NA
-0.708068917721952
0.436555780899891
-0.457485109668347
-0.504718214565029
-0.290486601713981
0.581807142524711
-0.385674090612189
0.0214152163248862
-0.469551408620537
-0.434022491273168
-0.0128261054093031
0.480647781733385
-0.429060029194485
-1.55885844466917
-0.0454691495931696
0.0770669957067689
-0.0578469429819322
0.502167373783845
-0.325368658230644
NA
0.11135539925148
-0.290634343222234
-0.192588540290036
-0.01021428377455
0.117458444456813
0.139587501831397
0.628734657044226
0.326040252261566
-0.162449898766972
-0.602228443627676
0.0526734059719161
-0.142478231616348
0.931372038689671
0.344716473997748
0.276223145227227
0.393600190650877
0.284350660273944
-0.70278787183562
-0.00852648576529536
0.7894296407556
